-0.4953773316147476 0.6111620813699552 0.3110700440687745
-0.6036938369337292 0.6113693365673043 0.31107004412724737
-0.602290055230327 0.4720916871113843 0.348391226777972
-0.4953773316147476 0.6111620813699552 0.3110700440687745
-0.602290055230327 0.4720916871113843 0.348391226777972
-0.49397354991134534 0.4718844265616464 0.3483912267194976
0.5417687822657768 0.4619766485509619 0.26523715452201174
0.5401337345490731 0.5665366439269194 0.23722104710686642
0.5406941938803271 0.6091796261563676 0.31107004350946443
0.5417687822657768 0.4619766485509619 0.26523715452201174
0.5406941938803271 0.6091796261563676 0.31107004350946443
0.5420978899455093 0.4699019552908925 0.34839122616018303
-0.4934280344494937 -0.0626122851283365 0.3240020601801875
-0.6003500069928407 -0.06240504063576491 0.32400206023865735
-0.6003500069928407 -0.062404865111413965 -0.2981379849258991
-0.4934280344494937 -0.0626122851283365 0.3240020601801875
-0.6003500069928407 -0.062404865111413965 -0.2981379849258991
-0.4934280344494937 -0.06261210960398556 -0.29813798498436894
-0.4939728648055848 0.4718251099388071 -0.3484072124705784
-0.6022894557627865 0.47203237048854496 -0.348407212412104
-0.6036938369337292 0.6113695120916554 -0.3110700010373091
-0.4939728648055848 0.4718251099388071 -0.3484072124705784
-0.6036938369337292 0.6113695120916554 -0.3110700010373091
-0.4953773316147476 0.6111622568943063 -0.311070001095782
-0.4953773316147476 0.6111622568943063 -0.311070001095782
-0.6036938369337292 0.6113695120916554 -0.3110700010373091
-0.6017447110449154 0.7428364693591369 -0.1795963058623904
-0.4953773316147476 0.6111622568943063 -0.311070001095782
-0.6017447110449154 0.7428364693591369 -0.1795963058623904
-0.49373804480615036 0.7426292034570103 -0.1795963059208663
-0.49373804480615036 0.7426292034570103 -0.1795963059208663
-0.6017447110449154 0.7428364693591369 -0.1795963058623904
-0.5998722313630651 0.7909566630047918 7.265449461719089e-8
-0.49373804480615036 0.7426292034570103 -0.1795963059208663
-0.5998722313630651 0.7909566630047918 7.265449461719089e-8
-0.4920887383258048 0.7907494185122202 7.255413414686827e-8
-0.4920887383258048 0.7907494185122202 7.255413414686827e-8
-0.5998722313630651 0.7909566630047918 7.265449461719089e-8
-0.6017447110449154 0.7428363680201038 0.17959642313388646
-0.4920887383258048 0.7907494185122202 7.255413414686827e-8
-0.6017447110449154 0.7428363680201038 0.17959642313388646
-0.49373804480615036 0.7426291021179772 0.17959642307541054
-0.6042543390840933 0.5687263543378561 0.23722104772464936
-0.6026191629100595 0.4641663696666761 0.2652371551397977
-0.602290055230327 0.4720916871113843 0.348391226777972
-0.6042543390840933 0.5687263543378561 0.23722104772464936
-0.602290055230327 0.4720916871113843 0.348391226777972
-0.6036938369337292 0.6113693365673043 0.31107004412724737
-0.49373804480615036 0.7426291021179772 0.17959642307541054
-0.6017447110449154 0.7428363680201038 0.17959642313388646
-0.6036938369337292 0.6113693365673043 0.31107004412724737
-0.49373804480615036 0.7426291021179772 0.17959642307541054
-0.6036938369337292 0.6113693365673043 0.31107004412724737
-0.4953773316147476 0.6111620813699552 0.3110700440687745
-0.49365326296828016 0.019678429674449882 -0.3083046315207902
-0.4934280344494937 -0.06261210960398556 -0.29813798498436894
-0.6003500069928407 -0.062404865111413965 -0.2981379849258991
-0.6029843242804418 0.39057795909440696 -0.35410213420844006
-0.49365326296828016 0.019678429674449882 -0.3083046315207902
-0.6003500069928407 -0.062404865111413965 -0.2981379849258991
-0.49365326296828016 0.019678429674449882 -0.3083046315207902
-0.6029843242804418 0.39057795909440696 -0.35410213420844006
-0.49466781896146017 0.39037070389705786 -0.35410213426691295
-0.49373804480615036 0.7426291021179772 0.17959642307541054
-0.4953773316147476 0.6111620813699552 0.3110700440687745
-0.4954341953928747 0.5814555568380817 0.2596611766740001
-0.49373804480615036 0.7426291021179772 0.17959642307541054
-0.4954341953928747 0.5814555568380817 0.2596611766740001
-0.49383661439745197 0.6912489188935315 0.149840424176352
0.5303869061699231 0.01777021544073487 -0.2253141744763953
0.5412054112350404 0.3825564389059999 -0.2703837326086342
0.48185690438126727 0.3843191732083099 -0.27038189088958253
0.5303869061699231 0.01777021544073487 -0.2253141744763953
0.48185690438126727 0.3843191732083099 -0.27038189088958253
0.47103839931615 0.01953294974304487 -0.22531233275734358
0.5303869061699231 0.01777021544073487 -0.2253141744763953
0.5303869061699231 0.01777008210612463 0.2472857810118681
0.5293043748395618 -0.06459472428475788 0.32400205962088197
0.5303869061699231 0.01777021544073487 -0.2253141744763953
0.5293043748395618 -0.06459472428475788 0.32400205962088197
0.5293043748395618 -0.06459454876040693 -0.2981379855436745
-0.5992674542529244 0.019959765755117598 0.2472857816296435
-0.5992674542529244 0.019959899089733835 -0.22531419526817492
-0.6003500069928407 -0.062404865111413965 -0.2981379849258991
-0.5992674542529244 0.019959765755117598 0.2472857816296435
-0.6003500069928407 -0.062404865111413965 -0.2981379849258991
-0.6003500069928407 -0.06240504063576491 0.32400206023865735
0.5401337345490731 0.5665367724288585 -0.23722102931423367
0.5417806003401466 0.46403411713320175 -0.26468579205847637
0.5420984894130498 0.4698426386680532 -0.34840721302989297
0.5401337345490731 0.5665367724288585 -0.23722102931423367
0.5420984894130498 0.4698426386680532 -0.34840721302989297
0.5406941938803271 0.6091798016807186 -0.311070001655092
-0.6026073448356897 0.4662238489536935 -0.26468579144068743
-0.6042543390840933 0.5687264828397952 -0.23722102869645076
-0.6036938369337292 0.6113695120916554 -0.3110700010373091
-0.6026073448356897 0.4662238489536935 -0.26468579144068743
-0.6036938369337292 0.6113695120916554 -0.3110700010373091
-0.6022894557627865 0.47203237048854496 -0.348407212412104
-0.5992674542529244 0.019959899089733835 -0.22531419526817492
-0.599908370691935 0.3847461653741029 -0.27038373199084675
-0.6029843242804418 0.39057795909440696 -0.35410213420844006
-0.5992674542529244 0.019959899089733835 -0.22531419526817492
-0.6029843242804418 0.39057795909440696 -0.35410213420844006
-0.6003500069928407 -0.062404865111413965 -0.2981379849258991
-0.49363322362478357 0.012396175007559185 0.3293433371281447
-0.4946673907703598 0.39038531889479067 0.35625962197671734
-0.6029839817275615 0.39059257409213977 0.35625962203519024
-0.6003500069928407 -0.06240504063576491 0.32400206023865735
-0.49363322362478357 0.012396175007559185 0.3293433371281447
-0.6029839817275615 0.39059257409213977 0.35625962203519024
-0.49363322362478357 0.012396175007559185 0.3293433371281447
-0.6003500069928407 -0.06240504063576491 0.32400206023865735
-0.4934280344494937 -0.0626122851283365 0.3240020601801875
0.5383985971626615 0.6667968365857385 -0.13696534303993443
0.5401337345490731 0.5665367724288585 -0.23722102931423367
0.5406941938803271 0.6091798016807186 -0.311070001655092
0.5383985971626615 0.6667968365857385 -0.13696534303993443
0.5406941938803271 0.6091798016807186 -0.311070001655092
0.5393692207489451 0.7406467428910339 -0.17959630648017785
-0.6042543390840933 0.5687264828397952 -0.23722102869645076
-0.6027153346311991 0.668986552349064 -0.13696534242215
-0.6017447110449154 0.7428364693591369 -0.1795963058623904
-0.6042543390840933 0.5687264828397952 -0.23722102869645076
-0.6017447110449154 0.7428364693591369 -0.1795963058623904
-0.6036938369337292 0.6113695120916554 -0.3110700010373091
0.5377635683512807 0.7034982025662799 4.7537258381502674e-8
0.5383985971626615 0.6667968365857385 -0.13696534303993443
0.5393692207489451 0.7406467428910339 -0.17959630648017785
0.5377635683512807 0.7034982025662799 4.7537258381502674e-8
0.5393692207489451 0.7406467428910339 -0.17959630648017785
0.5388842729182386 0.788766957946244 7.159412959396079e-8
-0.6027153346311991 0.668986552349064 -0.13696534242215
-0.6033502563948048 0.7056879076248278 4.8597623404732775e-8
-0.5998722313630651 0.7909566630047918 7.265449461719089e-8
-0.6027153346311991 0.668986552349064 -0.13696534242215
-0.5998722313630651 0.7909566630047918 7.265449461719089e-8
-0.6017447110449154 0.7428364693591369 -0.1795963058623904
0.5383985971626615 0.6667967593016618 0.136965417405319
0.5377635683512807 0.7034982025662799 4.7537258381502674e-8
0.5388842729182386 0.788766957946244 7.159412959396079e-8
0.5383985971626615 0.6667967593016618 0.136965417405319
0.5388842729182386 0.788766957946244 7.159412959396079e-8
0.5393692207489451 0.7406466415520008 0.179596422516099
-0.6033502563948048 0.7056879076248278 4.8597623404732775e-8
-0.6027153346311991 0.6689864750649873 0.13696541802310344
-0.6017447110449154 0.7428363680201038 0.17959642313388646
-0.6033502563948048 0.7056879076248278 4.8597623404732775e-8
-0.6017447110449154 0.7428363680201038 0.17959642313388646
-0.5998722313630651 0.7909566630047918 7.265449461719089e-8
0.5401337345490731 0.5665366439269194 0.23722104710686642
0.5383985971626615 0.6667967593016618 0.136965417405319
0.5393692207489451 0.7406466415520008 0.179596422516099
0.5401337345490731 0.5665366439269194 0.23722104710686642
0.5393692207489451 0.7406466415520008 0.179596422516099
0.5406941938803271 0.6091796261563676 0.31107004350946443
-0.6027153346311991 0.6689864750649873 0.13696541802310344
-0.6042543390840933 0.5687263543378561 0.23722104772464936
-0.6036938369337292 0.6113693365673043 0.31107004412724737
-0.6027153346311991 0.6689864750649873 0.13696541802310344
-0.6036938369337292 0.6113693365673043 0.31107004412724737
-0.6017447110449154 0.7428363680201038 0.17959642313388646
-0.49365326296828016 0.019678429674449882 -0.3083046315207902
-0.49466781896146017 0.39037070389705786 -0.35410213426691295
-0.49465377429336854 0.3976506960173072 -0.2951754578217454
-0.49365326296828016 0.019678429674449882 -0.3083046315207902
-0.49465377429336854 0.3976506960173072 -0.2951754578217454
-0.49363921830018853 0.026958432499476714 -0.24937795507561963
0.5412054112350404 0.3825564389059999 -0.2703837326086342
0.5303869061699231 0.01777021544073487 -0.2253141744763953
0.5293043748395618 -0.06459454876040693 -0.2981379855436745
0.5412054112350404 0.3825564389059999 -0.2703837326086342
0.5293043748395618 -0.06459454876040693 -0.2981379855436745
0.5414035780762845 0.38838823262630395 -0.3541021348262275
0.5417806003401466 0.46403411713320175 -0.26468579205847637
0.5401337345490731 0.5665367724288585 -0.23722102931423367
0.48076713662131 0.5655569159723781 -0.23722246403086672
0.5417806003401466 0.46403411713320175 -0.26468579205847637
0.48076713662131 0.5655569159723781 -0.23722246403086672
0.4824140024123835 0.46305426067672145 -0.2646872267751094
-0.5999392004511606 0.38264205224665476 0.27311310796282623
-0.5992674542529244 0.019959765755117598 0.2472857816296435
-0.6003500069928407 -0.06240504063576491 0.32400206023865735
-0.5999392004511606 0.38264205224665476 0.27311310796282623
-0.6003500069928407 -0.06240504063576491 0.32400206023865735
-0.6029839817275615 0.39059257409213977 0.35625962203519024
-0.49397354991134534 0.4718844265616464 0.3483912267194976
-0.602290055230327 0.4720916871113843 0.348391226777972
-0.6029839817275615 0.39059257409213977 0.35625962203519024
-0.49397354991134534 0.4718844265616464 0.3483912267194976
-0.6029839817275615 0.39059257409213977 0.35625962203519024
-0.4946673907703598 0.39038531889479067 0.35625962197671734
0.440846109591277 0.47003637908379736 -0.34840721297523297
0.5420984894130498 0.4698426386680532 -0.34840721302989297
0.5414035780762845 0.38838823262630395 -0.3541021348262275
0.440846109591277 0.47003637908379736 -0.34840721297523297
0.5414035780762845 0.38838823262630395 -0.3541021348262275
0.44015119825451166 0.38858197839443687 -0.354102134771566
0.5417687822657768 0.4619766485509619 0.26523715452201174
0.5420978899455093 0.4699019552908925 0.34839122616018303
0.5414039848578298 0.38840283691925925 0.35625962141739975
0.5417687822657768 0.4619766485509619 0.26523715452201174
0.5414039848578298 0.38840283691925925 0.35625962141739975
0.5411746028853699 0.38045232577855176 0.2731131073450388
-0.602290055230327 0.4720916871113843 0.348391226777972
-0.6026191629100595 0.4641663696666761 0.2652371551397977
-0.5999392004511606 0.38264205224665476 0.27311310796282623
-0.602290055230327 0.4720916871113843 0.348391226777972
-0.5999392004511606 0.38264205224665476 0.27311310796282623
-0.6029839817275615 0.39059257409213977 0.35625962203519024
0.5420984894130498 0.4698426386680532 -0.34840721302989297
0.5417806003401466 0.46403411713320175 -0.26468579205847637
0.5412054112350404 0.3825564389059999 -0.2703837326086342
0.5420984894130498 0.4698426386680532 -0.34840721302989297
0.5412054112350404 0.3825564389059999 -0.2703837326086342
0.5414035780762845 0.38838823262630395 -0.3541021348262275
-0.6026073448356897 0.4662238489536935 -0.26468579144068743
-0.6022894557627865 0.47203237048854496 -0.348407212412104
-0.6029843242804418 0.39057795909440696 -0.35410213420844006
-0.6026073448356897 0.4662238489536935 -0.26468579144068743
-0.6029843242804418 0.39057795909440696 -0.35410213420844006
-0.599908370691935 0.3847461653741029 -0.27038373199084675
0.5411746028853699 0.38045232577855176 0.2731131073450388
0.5412054112350404 0.3825564389059999 -0.2703837326086342
0.5417806003401466 0.46403411713320175 -0.26468579205847637
0.5411746028853699 0.38045232577855176 0.2731131073450388
0.5417806003401466 0.46403411713320175 -0.26468579205847637
0.5417687822657768 0.4619766485509619 0.26523715452201174
-0.6026191629100595 0.4641663696666761 0.2652371551397977
-0.6026073448356897 0.4662238489536935 -0.26468579144068743
-0.599908370691935 0.3847461653741029 -0.27038373199084675
-0.6026191629100595 0.4641663696666761 0.2652371551397977
-0.599908370691935 0.3847461653741029 -0.27038373199084675
-0.5999392004511606 0.38264205224665476 0.27311310796282623
0.5303869061699231 0.01777008210612463 0.2472857810118681
0.5411746028853699 0.38045232577855176 0.2731131073450388
0.5414039848578298 0.38840283691925925 0.35625962141739975
0.5303869061699231 0.01777008210612463 0.2472857810118681
0.5414039848578298 0.38840283691925925 0.35625962141739975
0.5293043748395618 -0.06459472428475788 0.32400205962088197
-0.6022894557627865 0.47203237048854496 -0.348407212412104
-0.4939728648055848 0.4718251099388071 -0.3484072124705784
-0.49466781896146017 0.39037070389705786 -0.35410213426691295
-0.6022894557627865 0.47203237048854496 -0.348407212412104
-0.49466781896146017 0.39037070389705786 -0.35410213426691295
-0.6029843242804418 0.39057795909440696 -0.35410213420844006
0.4408455101237365 0.4700956957066367 0.34839122621484303
-0.49397354991134534 0.4718844265616464 0.3483912267194976
-0.4946673907703598 0.39038531889479067 0.35625962197671734
0.4408455101237365 0.4700956957066367 0.34839122621484303
-0.4946673907703598 0.39038531889479067 0.35625962197671734
0.440151626445612 0.38859658268739217 0.35625962147206125
0.44015119825451166 0.38858197839443687 -0.354102134771566
0.4310735362222182 0.007686894734283967 -0.3070441259427378
0.4310875380711998 0.014966897559310799 -0.24811744949756726
0.44015119825451166 0.38858197839443687 -0.354102134771566
0.4310875380711998 0.014966897559310799 -0.24811744949756726
0.44016520010349325 0.3958619705146862 -0.2951754583263985
0.4293555157750433 -0.06440079228749651 -0.29813798548900994
-0.4934280344494937 -0.06261210960398556 -0.29813798498436894
-0.49365326296828016 0.019678429674449882 -0.3083046315207902
0.4293555157750433 -0.06440079228749651 -0.29813798548900994
-0.49365326296828016 0.019678429674449882 -0.3083046315207902
0.4310735362222182 0.007686894734283967 -0.3070441259427378
0.5401337345490731 0.5665366439269194 0.23722104710686642
0.5417687822657768 0.4619766485509619 0.26523715452201174
0.48240218433801374 0.4609967920944815 0.2652357198053787
0.5401337345490731 0.5665366439269194 0.23722104710686642
0.48240218433801374 0.4609967920944815 0.2652357198053787
0.48076713662131 0.5655567874704391 0.23721961239023337
0.4394417712394443 0.6093733665721117 0.31107004356412443
0.4384064907970071 0.7408403766153562 0.17959642257075747
0.43830786768181795 0.6894425947281027 0.149870846644414
0.4394417712394443 0.6093733665721117 0.31107004356412443
0.43830786768181795 0.6894425947281027 0.149870846644414
0.4393850573282023 0.5797660860486625 0.25960396986634243
-0.6042543390840933 0.5687263543378561 0.23722104772464936
-0.6027153346311991 0.6689864750649873 0.13696541802310344
-0.5433410720827396 0.669197016628627 0.1369668525226897
-0.6042543390840933 0.5687263543378561 0.23722104772464936
-0.5433410720827396 0.669197016628627 0.1369668525226897
-0.5448799908974138 0.5689368932253014 0.23722248222423487
0.4384064907970071 0.7408403766153562 0.17959642257075747
0.43813009344172826 0.7889606930095994 7.168794669964402e-8
0.43801604474214884 0.7295861307273697 5.4936603352895664e-8
0.4384064907970071 0.7408403766153562 0.17959642257075747
0.43801604474214884 0.7295861307273697 5.4936603352895664e-8
0.43830786768181795 0.6894425947281027 0.149870846644414
0.5383985971626615 0.6667967593016618 0.136965417405319
0.5401337345490731 0.5665366439269194 0.23722104710686642
0.48076713662131 0.5655567874704391 0.23721961239023337
0.5383985971626615 0.6667967593016618 0.136965417405319
0.48076713662131 0.5655567874704391 0.23721961239023337
0.4790320206444534 0.6658168974927958 0.13696397198390692
0.4293555157750433 -0.06440096781184745 0.3240020596755465
-0.4934280344494937 -0.0626122851283365 0.3240020601801875
-0.4934280344494937 -0.06261210960398556 -0.29813798498436894
0.4293555157750433 -0.06440096781184745 0.3240020596755465
-0.4934280344494937 -0.06261210960398556 -0.29813798498436894
0.4293555157750433 -0.06440079228749651 -0.29813798548900994
0.5411746028853699 0.38045232577855176 0.2731131073450388
0.5303869061699231 0.01777008210612463 0.2472857810118681
0.47103839931615 0.019532816408434628 0.2472876227309198
0.5411746028853699 0.38045232577855176 0.2731131073450388
0.47103839931615 0.019532816408434628 0.2472876227309198
0.48182609603159676 0.38221506008086176 0.2731149490640905
0.5406941938803271 0.6091796261563676 0.31107004350946443
0.4394417712394443 0.6093733665721117 0.31107004356412443
0.4408455101237365 0.4700956957066367 0.34839122621484303
0.5406941938803271 0.6091796261563676 0.31107004350946443
0.4408455101237365 0.4700956957066367 0.34839122621484303
0.5420978899455093 0.4699019552908925 0.34839122616018303
0.5293043748395618 -0.06459472428475788 0.32400205962088197
0.4293555157750433 -0.06440096781184745 0.3240020596755465
0.4293555157750433 -0.06440079228749651 -0.29813798548900994
0.5293043748395618 -0.06459472428475788 0.32400205962088197
0.4293555157750433 -0.06440079228749651 -0.29813798548900994
0.5293043748395618 -0.06459454876040693 -0.2981379855436745
0.5420984894130498 0.4698426386680532 -0.34840721302989297
0.440846109591277 0.47003637908379736 -0.34840721297523297
0.4394417712394443 0.6093735420964628 -0.311070001600432
0.5420984894130498 0.4698426386680532 -0.34840721302989297
0.4394417712394443 0.6093735420964628 -0.311070001600432
0.5406941938803271 0.6091798016807186 -0.311070001655092
0.5406941938803271 0.6091798016807186 -0.311070001655092
0.4394417712394443 0.6093735420964628 -0.311070001600432
0.4384064907970071 0.7408404779543893 -0.17959630642551938
0.5406941938803271 0.6091798016807186 -0.311070001655092
0.4384064907970071 0.7408404779543893 -0.17959630642551938
0.5393692207489451 0.7406467428910339 -0.17959630648017785
0.5393692207489451 0.7406467428910339 -0.17959630648017785
0.4384064907970071 0.7408404779543893 -0.17959630642551938
0.43813009344172826 0.7889606930095994 7.168794669964402e-8
0.5393692207489451 0.7406467428910339 -0.17959630648017785
0.43813009344172826 0.7889606930095994 7.168794669964402e-8
0.5388842729182386 0.788766957946244 7.159412959396079e-8
0.5388842729182386 0.788766957946244 7.159412959396079e-8
0.43813009344172826 0.7889606930095994 7.168794669964402e-8
0.4384064907970071 0.7408403766153562 0.17959642257075747
0.5388842729182386 0.788766957946244 7.159412959396079e-8
0.4384064907970071 0.7408403766153562 0.17959642257075747
0.5393692207489451 0.7406466415520008 0.179596422516099
0.5393692207489451 0.7406466415520008 0.179596422516099
0.4384064907970071 0.7408403766153562 0.17959642257075747
0.4394417712394443 0.6093733665721117 0.31107004356412443
0.5393692207489451 0.7406466415520008 0.179596422516099
0.4394417712394443 0.6093733665721117 0.31107004356412443
0.5406941938803271 0.6091796261563676 0.31107004350946443
0.5414035780762845 0.38838823262630395 -0.3541021348262275
0.5293043748395618 -0.06459454876040693 -0.2981379855436745
0.4293555157750433 -0.06440079228749651 -0.29813798548900994
0.4310735362222182 0.007686894734283967 -0.3070441259427378
0.5414035780762845 0.38838823262630395 -0.3541021348262275
0.4293555157750433 -0.06440079228749651 -0.29813798548900994
0.5414035780762845 0.38838823262630395 -0.3541021348262275
0.4310735362222182 0.007686894734283967 -0.3070441259427378
0.44015119825451166 0.38858197839443687 -0.354102134771566
0.5293043748395618 -0.06459472428475788 0.32400205962088197
0.5414039848578298 0.38840283691925925 0.35625962141739975
0.440151626445612 0.38859658268739217 0.35625962147206125
0.43093204047310607 0.0017490321987684299 0.3287125444047793
0.5293043748395618 -0.06459472428475788 0.32400205962088197
0.440151626445612 0.38859658268739217 0.35625962147206125
0.5293043748395618 -0.06459472428475788 0.32400205962088197
0.43093204047310607 0.0017490321987684299 0.3287125444047793
0.4293555157750433 -0.06440096781184745 0.3240020596755465
0.5420978899455093 0.4699019552908925 0.34839122616018303
0.4408455101237365 0.4700956957066367 0.34839122621484303
0.440151626445612 0.38859658268739217 0.35625962147206125
0.5420978899455093 0.4699019552908925 0.34839122616018303
0.440151626445612 0.38859658268739217 0.35625962147206125
0.5414039848578298 0.38840283691925925 0.35625962141739975
-0.4939728648055848 0.4718251099388071 -0.3484072124705784
0.440846109591277 0.47003637908379736 -0.34840721297523297
0.44015119825451166 0.38858197839443687 -0.354102134771566
-0.4939728648055848 0.4718251099388071 -0.3484072124705784
0.44015119825451166 0.38858197839443687 -0.354102134771566
-0.49466781896146017 0.39037070389705786 -0.35410213426691295
0.43813009344172826 0.7889606930095994 7.168794669964402e-8
0.4384064907970071 0.7408404779543893 -0.17959630642551938
0.43830786768181795 0.6894426792941923 -0.14987075950088977
0.43813009344172826 0.7889606930095994 7.168794669964402e-8
0.43830786768181795 0.6894426792941923 -0.14987075950088977
0.43801604474214884 0.7295861307273697 5.4936603352895664e-8
0.43093204047310607 0.0017490321987684299 0.3287125444047793
-0.49363322362478357 0.012396175007559185 0.3293433371281447
-0.4934280344494937 -0.0626122851283365 0.3240020601801875
0.43093204047310607 0.0017490321987684299 0.3287125444047793
-0.4934280344494937 -0.0626122851283365 0.3240020601801875
0.4293555157750433 -0.06440096781184745 0.3240020596755465
0.4790320206444534 0.6658168974927958 0.13696397198390692
0.48076713662131 0.5655567874704391 0.23721961239023337
0.48240218433801374 0.4609967920944815 0.2652357198053787
0.4824140024123835 0.46305426067672145 -0.2646872267751094
0.4790320206444534 0.6658168974927958 0.13696397198390692
0.48240218433801374 0.4609967920944815 0.2652357198053787
0.4790320206444534 0.6658168974927958 0.13696397198390692
0.4824140024123835 0.46305426067672145 -0.2646872267751094
0.48076713662131 0.5655569159723781 -0.23722246403086672
0.4790320206444534 0.6658169747768724 -0.13696678846134652
0.4790320206444534 0.6658168974927958 0.13696397198390692
0.48076713662131 0.5655569159723781 -0.23722246403086672
0.4790320206444534 0.6658168974927958 0.13696397198390692
0.4790320206444534 0.6658169747768724 -0.13696678846134652
0.4783969704235176 0.7025183407574132 -0.0000013955075284401035
-0.5432329966490101 0.4664343851649444 -0.26468435694110265
-0.5432449003616 0.46437690587792696 0.26523858963938246
-0.5448799908974138 0.5689368932253014 0.23722248222423487
-0.5433410720827396 0.669197016628627 0.1369668525226897
-0.5432329966490101 0.4664343851649444 -0.26468435694110265
-0.5448799908974138 0.5689368932253014 0.23722248222423487
-0.5432329966490101 0.4664343851649444 -0.26468435694110265
-0.5433410720827396 0.669197016628627 0.1369668525226897
-0.5439759938463453 0.705898449188466 0.0000014879905172898748
-0.5433410720827396 0.6691970939127037 -0.13696390792256374
-0.5432329966490101 0.4664343851649444 -0.26468435694110265
-0.5439759938463453 0.705898449188466 0.0000014879905172898748
-0.5432329966490101 0.4664343851649444 -0.26468435694110265
-0.5433410720827396 0.6691970939127037 -0.13696390792256374
-0.5448799908974138 0.5689370217272404 -0.23721959419686522
-0.5398928491515846 0.02006694198696246 0.2472878155676078
-0.5405645953498208 0.3827492391832772 0.27311514190079356
-0.5405337655905953 0.3848533523107253 -0.2703816980528794
-0.5398928491515846 0.02006694198696246 0.2472878155676078
-0.5405337655905953 0.3848533523107253 -0.2703816980528794
-0.5398928491515846 0.02006707532157881 -0.22531216133021062
0.48182609603159676 0.38221506008086176 0.2731149490640905
0.47103839931615 0.019532816408434628 0.2472876227309198
0.47103839931615 0.01953294974304487 -0.22531233275734358
0.48182609603159676 0.38221506008086176 0.2731149490640905
0.47103839931615 0.01953294974304487 -0.22531233275734358
0.48185690438126727 0.3843191732083099 -0.27038189088958253
0.44015974066696373 0.3928138321342963 0.29703490585520836
-0.4946592551394531 0.3946025683416948 0.29703490635986446
-0.49362508799387683 0.01661344586401836 0.27011862151129784
0.44015974066696373 0.3928138321342963 0.29703490585520836
-0.49362508799387683 0.01661344586401836 0.27011862151129784
0.4309401546944578 0.005966303055227606 0.2694878287879325
0.43830786768181795 0.6894425947281027 0.149870846644414
-0.49383661439745197 0.6912489188935315 0.149840424176352
-0.4954341953928747 0.5814555568380817 0.2596611766740001
0.43830786768181795 0.6894425947281027 0.149870846644414
-0.4954341953928747 0.5814555568380817 0.2596611766740001
0.4393850573282023 0.5797660860486625 0.25960396986634243
0.43801604474214884 0.7295861307273697 5.4936603352895664e-8
-0.49220280843493924 0.7313748562299905 5.580279080011993e-8
-0.49383661439745197 0.6912489188935315 0.149840424176352
0.43801604474214884 0.7295861307273697 5.4936603352895664e-8
-0.49383661439745197 0.6912489188935315 0.149840424176352
0.43830786768181795 0.6894425947281027 0.149870846644414
0.43830786768181795 0.6894426792941923 -0.14987075950088977
-0.49383661439745197 0.6912490034424547 -0.1498403360135914
-0.49220280843493924 0.7313748562299905 5.580279080011993e-8
0.43830786768181795 0.6894426792941923 -0.14987075950088977
-0.49220280843493924 0.7313748562299905 5.580279080011993e-8
0.43801604474214884 0.7295861307273697 5.4936603352895664e-8
0.4393850573282023 0.5797662325327747 -0.25960394460886044
-0.4954341953928747 0.5814556980020844 -0.25966115046321897
-0.49383661439745197 0.6912490034424547 -0.1498403360135914
0.4393850573282023 0.5797662325327747 -0.25960394460886044
-0.49383661439745197 0.6912490034424547 -0.1498403360135914
0.43830786768181795 0.6894426792941923 -0.14987075950088977
0.44081670356746017 0.45466806512985736 -0.2910559650258108
-0.4940022387150691 0.4564567959848671 -0.2910559645211563
-0.4954341953928747 0.5814556980020844 -0.25966115046321897
0.44081670356746017 0.45466806512985736 -0.2910559650258108
-0.4954341953928747 0.5814556980020844 -0.25966115046321897
0.4393850573282023 0.5797662325327747 -0.25960394460886044
0.4393850573282023 0.5797660860486625 0.25960396986634243
-0.4954341953928747 0.5814555568380817 0.2596611766740001
-0.49400292382082966 0.45651614496872034 0.29103997009836075
0.4393850573282023 0.5797660860486625 0.25960396986634243
-0.49400292382082966 0.45651614496872034 0.29103997009836075
0.44081610409991967 0.45472740876132184 0.29103996959370465
0.4310875380711998 0.014966897559310799 -0.24811744949756726
-0.49363921830018853 0.026958432499476714 -0.24937795507561963
-0.49465377429336854 0.3976506960173072 -0.2951754578217454
0.4310875380711998 0.014966897559310799 -0.24811744949756726
-0.49465377429336854 0.3976506960173072 -0.2951754578217454
0.44016520010349325 0.3958619705146862 -0.2951754583263985
0.440151626445612 0.38859658268739217 0.35625962147206125
-0.4946673907703598 0.39038531889479067 0.35625962197671734
-0.4946592551394531 0.3946025683416948 0.29703490635986446
0.440151626445612 0.38859658268739217 0.35625962147206125
-0.4946592551394531 0.3946025683416948 0.29703490635986446
0.44015974066696373 0.3928138321342963 0.29703490585520836
-0.4920887383258048 0.7907494185122202 7.255413414686827e-8
-0.49373804480615036 0.7426291021179772 0.17959642307541054
-0.49383661439745197 0.6912489188935315 0.149840424176352
-0.4920887383258048 0.7907494185122202 7.255413414686827e-8
-0.49383661439745197 0.6912489188935315 0.149840424176352
-0.49220280843493924 0.7313748562299905 5.580279080011993e-8
0.5303869061699231 0.01777008210612463 0.2472857810118681
0.5303869061699231 0.01777021544073487 -0.2253141744763953
0.47103839931615 0.01953294974304487 -0.22531233275734358
0.5303869061699231 0.01777008210612463 0.2472857810118681
0.47103839931615 0.01953294974304487 -0.22531233275734358
0.47103839931615 0.019532816408434628 0.2472876227309198
0.440846109591277 0.47003637908379736 -0.34840721297523297
-0.4939728648055848 0.4718251099388071 -0.3484072124705784
-0.4940022387150691 0.4564567959848671 -0.2910559645211563
0.440846109591277 0.47003637908379736 -0.34840721297523297
-0.4940022387150691 0.4564567959848671 -0.2910559645211563
0.44081670356746017 0.45466806512985736 -0.2910559650258108
-0.5992674542529244 0.019959765755117598 0.2472857816296435
-0.5999392004511606 0.38264205224665476 0.27311310796282623
-0.5405645953498208 0.3827492391832772 0.27311514190079356
-0.5992674542529244 0.019959765755117598 0.2472857816296435
-0.5405645953498208 0.3827492391832772 0.27311514190079356
-0.5398928491515846 0.02006694198696246 0.2472878155676078
-0.49373804480615036 0.7426292034570103 -0.1795963059208663
-0.4920887383258048 0.7907494185122202 7.255413414686827e-8
-0.49220280843493924 0.7313748562299905 5.580279080011993e-8
-0.49373804480615036 0.7426292034570103 -0.1795963059208663
-0.49220280843493924 0.7313748562299905 5.580279080011993e-8
-0.49383661439745197 0.6912490034424547 -0.1498403360135914
-0.5992674542529244 0.019959899089733835 -0.22531419526817492
-0.5992674542529244 0.019959765755117598 0.2472857816296435
-0.5398928491515846 0.02006694198696246 0.2472878155676078
-0.5992674542529244 0.019959899089733835 -0.22531419526817492
-0.5398928491515846 0.02006694198696246 0.2472878155676078
-0.5398928491515846 0.02006707532157881 -0.22531216133021062
-0.599908370691935 0.3847461653741029 -0.27038373199084675
-0.5992674542529244 0.019959899089733835 -0.22531419526817492
-0.5398928491515846 0.02006707532157881 -0.22531216133021062
-0.599908370691935 0.3847461653741029 -0.27038373199084675
-0.5398928491515846 0.02006707532157881 -0.22531216133021062
-0.5405337655905953 0.3848533523107253 -0.2703816980528794
-0.4953773316147476 0.6111622568943063 -0.311070001095782
-0.49373804480615036 0.7426292034570103 -0.1795963059208663
-0.49383661439745197 0.6912490034424547 -0.1498403360135914
-0.4953773316147476 0.6111622568943063 -0.311070001095782
-0.49383661439745197 0.6912490034424547 -0.1498403360135914
-0.4954341953928747 0.5814556980020844 -0.25966115046321897
0.43093204047310607 0.0017490321987684299 0.3287125444047793
0.440151626445612 0.38859658268739217 0.35625962147206125
0.44015974066696373 0.3928138321342963 0.29703490585520836
0.43093204047310607 0.0017490321987684299 0.3287125444047793
0.44015974066696373 0.3928138321342963 0.29703490585520836
0.4309401546944578 0.005966303055227606 0.2694878287879325
0.5401337345490731 0.5665367724288585 -0.23722102931423367
0.5383985971626615 0.6667968365857385 -0.13696534303993443
0.4790320206444534 0.6658169747768724 -0.13696678846134652
0.5401337345490731 0.5665367724288585 -0.23722102931423367
0.4790320206444534 0.6658169747768724 -0.13696678846134652
0.48076713662131 0.5655569159723781 -0.23722246403086672
-0.4939728648055848 0.4718251099388071 -0.3484072124705784
-0.4953773316147476 0.6111622568943063 -0.311070001095782
-0.4954341953928747 0.5814556980020844 -0.25966115046321897
-0.4939728648055848 0.4718251099388071 -0.3484072124705784
-0.4954341953928747 0.5814556980020844 -0.25966115046321897
-0.4940022387150691 0.4564567959848671 -0.2910559645211563
-0.4946673907703598 0.39038531889479067 0.35625962197671734
-0.49363322362478357 0.012396175007559185 0.3293433371281447
-0.49362508799387683 0.01661344586401836 0.27011862151129784
-0.4946673907703598 0.39038531889479067 0.35625962197671734
-0.49362508799387683 0.01661344586401836 0.27011862151129784
-0.4946592551394531 0.3946025683416948 0.29703490635986446
-0.6027153346311991 0.668986552349064 -0.13696534242215
-0.6042543390840933 0.5687264828397952 -0.23722102869645076
-0.5448799908974138 0.5689370217272404 -0.23721959419686522
-0.6027153346311991 0.668986552349064 -0.13696534242215
-0.5448799908974138 0.5689370217272404 -0.23721959419686522
-0.5433410720827396 0.6691970939127037 -0.13696390792256374
0.4408455101237365 0.4700956957066367 0.34839122621484303
0.4394417712394443 0.6093733665721117 0.31107004356412443
0.4393850573282023 0.5797660860486625 0.25960396986634243
0.4408455101237365 0.4700956957066367 0.34839122621484303
0.4393850573282023 0.5797660860486625 0.25960396986634243
0.44081610409991967 0.45472740876132184 0.29103996959370465
-0.6026191629100595 0.4641663696666761 0.2652371551397977
-0.6042543390840933 0.5687263543378561 0.23722104772464936
-0.5448799908974138 0.5689368932253014 0.23722248222423487
-0.6026191629100595 0.4641663696666761 0.2652371551397977
-0.5448799908974138 0.5689368932253014 0.23722248222423487
-0.5432449003616 0.46437690587792696 0.26523858963938246
0.5412054112350404 0.3825564389059999 -0.2703837326086342
0.5411746028853699 0.38045232577855176 0.2731131073450388
0.48182609603159676 0.38221506008086176 0.2731149490640905
0.5412054112350404 0.3825564389059999 -0.2703837326086342
0.48182609603159676 0.38221506008086176 0.2731149490640905
0.48185690438126727 0.3843191732083099 -0.27038189088958253
-0.49397354991134534 0.4718844265616464 0.3483912267194976
0.4408455101237365 0.4700956957066367 0.34839122621484303
0.44081610409991967 0.45472740876132184 0.29103996959370465
-0.49397354991134534 0.4718844265616464 0.3483912267194976
0.44081610409991967 0.45472740876132184 0.29103996959370465
-0.49400292382082966 0.45651614496872034 0.29103997009836075
0.5383985971626615 0.6667968365857385 -0.13696534303993443
0.5377635683512807 0.7034982025662799 4.7537258381502674e-8
0.4783969704235176 0.7025183407574132 -0.0000013955075284401035
0.5383985971626615 0.6667968365857385 -0.13696534303993443
0.4783969704235176 0.7025183407574132 -0.0000013955075284401035
0.4790320206444534 0.6658169747768724 -0.13696678846134652
-0.6042543390840933 0.5687264828397952 -0.23722102869645076
-0.6026073448356897 0.4662238489536935 -0.26468579144068743
-0.5432329966490101 0.4664343851649444 -0.26468435694110265
-0.6042543390840933 0.5687264828397952 -0.23722102869645076
-0.5432329966490101 0.4664343851649444 -0.26468435694110265
-0.5448799908974138 0.5689370217272404 -0.23721959419686522
-0.4953773316147476 0.6111620813699552 0.3110700440687745
-0.49397354991134534 0.4718844265616464 0.3483912267194976
-0.49400292382082966 0.45651614496872034 0.29103997009836075
-0.4953773316147476 0.6111620813699552 0.3110700440687745
-0.49400292382082966 0.45651614496872034 0.29103997009836075
-0.4954341953928747 0.5814555568380817 0.2596611766740001
0.4310735362222182 0.007686894734283967 -0.3070441259427378
-0.49365326296828016 0.019678429674449882 -0.3083046315207902
-0.49363921830018853 0.026958432499476714 -0.24937795507561963
0.4310735362222182 0.007686894734283967 -0.3070441259427378
-0.49363921830018853 0.026958432499476714 -0.24937795507561963
0.4310875380711998 0.014966897559310799 -0.24811744949756726
0.5417687822657768 0.4619766485509619 0.26523715452201174
0.5417806003401466 0.46403411713320175 -0.26468579205847637
0.4824140024123835 0.46305426067672145 -0.2646872267751094
0.5417687822657768 0.4619766485509619 0.26523715452201174
0.4824140024123835 0.46305426067672145 -0.2646872267751094
0.48240218433801374 0.4609967920944815 0.2652357198053787
-0.6033502563948048 0.7056879076248278 4.8597623404732775e-8
-0.6027153346311991 0.668986552349064 -0.13696534242215
-0.5433410720827396 0.6691970939127037 -0.13696390792256374
-0.6033502563948048 0.7056879076248278 4.8597623404732775e-8
-0.5433410720827396 0.6691970939127037 -0.13696390792256374
-0.5439759938463453 0.705898449188466 0.0000014879905172898748
0.4394417712394443 0.6093735420964628 -0.311070001600432
0.440846109591277 0.47003637908379736 -0.34840721297523297
0.44081670356746017 0.45466806512985736 -0.2910559650258108
0.4394417712394443 0.6093735420964628 -0.311070001600432
0.44081670356746017 0.45466806512985736 -0.2910559650258108
0.4393850573282023 0.5797662325327747 -0.25960394460886044
-0.49363322362478357 0.012396175007559185 0.3293433371281447
0.43093204047310607 0.0017490321987684299 0.3287125444047793
0.4309401546944578 0.005966303055227606 0.2694878287879325
-0.49363322362478357 0.012396175007559185 0.3293433371281447
0.4309401546944578 0.005966303055227606 0.2694878287879325
-0.49362508799387683 0.01661344586401836 0.27011862151129784
-0.6026073448356897 0.4662238489536935 -0.26468579144068743
-0.6026191629100595 0.4641663696666761 0.2652371551397977
-0.5432449003616 0.46437690587792696 0.26523858963938246
-0.6026073448356897 0.4662238489536935 -0.26468579144068743
-0.5432449003616 0.46437690587792696 0.26523858963938246
-0.5432329966490101 0.4664343851649444 -0.26468435694110265
0.5377635683512807 0.7034982025662799 4.7537258381502674e-8
0.5383985971626615 0.6667967593016618 0.136965417405319
0.4790320206444534 0.6658168974927958 0.13696397198390692
0.5377635683512807 0.7034982025662799 4.7537258381502674e-8
0.4790320206444534 0.6658168974927958 0.13696397198390692
0.4783969704235176 0.7025183407574132 -0.0000013955075284401035
0.4384064907970071 0.7408404779543893 -0.17959630642551938
0.4394417712394443 0.6093735420964628 -0.311070001600432
0.4393850573282023 0.5797662325327747 -0.25960394460886044
0.4384064907970071 0.7408404779543893 -0.17959630642551938
0.4393850573282023 0.5797662325327747 -0.25960394460886044
0.43830786768181795 0.6894426792941923 -0.14987075950088977
-0.5999392004511606 0.38264205224665476 0.27311310796282623
-0.599908370691935 0.3847461653741029 -0.27038373199084675
-0.5405337655905953 0.3848533523107253 -0.2703816980528794
-0.5999392004511606 0.38264205224665476 0.27311310796282623
-0.5405337655905953 0.3848533523107253 -0.2703816980528794
-0.5405645953498208 0.3827492391832772 0.27311514190079356
-0.49466781896146017 0.39037070389705786 -0.35410213426691295
0.44015119825451166 0.38858197839443687 -0.354102134771566
0.44016520010349325 0.3958619705146862 -0.2951754583263985
-0.49466781896146017 0.39037070389705786 -0.35410213426691295
0.44016520010349325 0.3958619705146862 -0.2951754583263985
-0.49465377429336854 0.3976506960173072 -0.2951754578217454
-0.6027153346311991 0.6689864750649873 0.13696541802310344
-0.6033502563948048 0.7056879076248278 4.8597623404732775e-8
-0.5439759938463453 0.705898449188466 0.0000014879905172898748
-0.6027153346311991 0.6689864750649873 0.13696541802310344
-0.5439759938463453 0.705898449188466 0.0000014879905172898748
-0.5433410720827396 0.669197016628627 0.1369668525226897