0.9639959 0.06318415 0.2583017
0.7063485 0.04629665 0.70634866
0.25878185 0.016961323 0.9657869
-0.25878182 -0.016961373 0.9657869
-0.7063485 -0.046296615 0.7063487
-0.9639959 -0.0631835 0.2583017
-0.9639959 -0.0631835 -0.25830168
-0.7063485 -0.046296615 -0.7063487
-0.25878182 -0.016961373 -0.9657869
0.25878176 0.016961323 -0.9657869
0.7063485 0.04629665 -0.70634866
0.9639959 0.06318415 -0.2583017
0.9475016 0.18847021 0.2583016
0.69426286 0.13809736 0.7063485
0.25435406 0.050594248 0.9657869
-0.25435382 -0.050594226 0.96578693
-0.6942627 -0.13809708 0.7063487
-0.94750166 -0.18846999 0.25830153
-0.94750166 -0.18847 -0.2583015
-0.69426274 -0.13809708 -0.7063487
-0.25435397 -0.05059423 -0.9657869
0.25435388 0.050594248 -0.9657869
0.6942628 0.13809738 -0.70634854
0.9475016 0.18847021 -0.2583016
0.91479564 0.31053087 0.2583013
0.67029774 0.22753526 0.70634884
0.24557424 0.0833613 0.9657868
-0.2455741 -0.083361246 0.9657869
-0.6702978 -0.22753565 0.7063486
-0.91479546 -0.31053102 0.2583018
-0.9147954 -0.31053102 -0.25830182
-0.6702978 -0.22753565 -0.7063486
-0.24557409 -0.083361246 -0.9657869
0.24557415 0.083361305 -0.9657869
0.6702977 0.22753523 -0.70634884
0.91479564 0.31053087 -0.2583013
0.8664367 0.4272794 0.25830156
0.6348637 0.31308037 0.7063489
0.23259243 0.11470168 0.9657869
-0.23259233 -0.11470195 0.9657869
-0.6348641 -0.31308058 0.7063484
-0.86643654 -0.42727947 0.2583021
-0.86643654 -0.42727947 -0.25830218
-0.63486403 -0.31308067 -0.7063484
-0.23259224 -0.114701964 -0.9657869
0.23259239 0.11470166 -0.9657869
0.6348637 0.31308037 -0.7063489
0.8664367 0.4272794 -0.25830156
0.80325323 0.5367161 0.25830227
0.5885677 0.3932683 0.7063484
0.21563101 0.14407991 0.9657869
-0.21563078 -0.14407994 0.9657869
-0.5885676 -0.39326814 0.7063486
-0.8032532 -0.5367164 0.25830197
-0.8032532 -0.5367164 -0.25830197
-0.5885677 -0.39326814 -0.70634854
-0.21563075 -0.14407992 -0.96578693
0.21563101 0.14407991 -0.9657869
0.5885677 0.3932683 -0.7063484
0.80325323 0.5367161 -0.25830227
0.72632533 0.63697064 0.25830197
0.53220034 0.4667277 0.7063484
0.1949797 0.17099294 0.9657869
-0.19498016 -0.17099275 0.9657868
-0.5322005 -0.46672714 0.7063486
-0.7263257 -0.6369703 0.25830185
-0.7263257 -0.6369703 -0.25830185
-0.5322005 -0.46672714 -0.7063486
-0.1949802 -0.17099279 -0.9657868
0.19497976 0.1709929 -0.9657869
0.53220034 0.4667277 -0.7063484
0.72632533 0.63697064 -0.25830197
0.6369704 0.72632563 0.25830188
0.4667273 0.53220004 0.7063489
0.17099269 0.19497997 0.9657869
-0.17099294 -0.19498008 0.9657868
-0.46672687 -0.5322005 0.70634884
-0.6369703 -0.7263257 0.25830176
-0.6369703 -0.7263257 -0.25830176
-0.46672687 -0.5322005 -0.70634884
-0.17099278 -0.19498006 -0.9657869
0.1709928 0.19497998 -0.9657869
0.46672752 0.53220034 -0.7063485
0.6369704 0.72632563 -0.25830188
0.536717 0.80325305 0.25830096
0.39326826 0.5885675 0.70634866
0.14408003 0.2156308 0.9657869
-0.14408003 -0.2156309 0.9657869
-0.39326882 -0.58856744 0.70634836
-0.53671706 -0.80325294 0.25830132
-0.536717 -0.8032529 -0.2583016
-0.39326873 -0.58856744 -0.70634836
-0.14408009 -0.2156309 -0.9657869
0.14408007 0.21563071 -0.9657869
0.39326823 0.5885675 -0.70634866
0.5367169 0.80325294 -0.25830162
0.42727932 0.86643684 0.25830132
0.31308022 0.63486403 0.70634866
0.11470184 0.23259225 0.9657869
-0.1147017 -0.23259237 0.9657869
-0.3130801 -0.63486403 0.7063487
-0.42727935 -0.8664368 0.25830162
-0.42727935 -0.8664368 -0.25830162
-0.31308004 -0.6348638 -0.70634896
-0.11470187 -0.23259248 -0.9657868
0.11470175 0.23259227 -0.96578693
0.31308025 0.63486403 -0.70634866
0.42727932 0.86643684 -0.25830132
0.3105314 0.9147955 0.25830102
0.22753572 0.67029774 0.7063487
0.08336118 0.24557419 0.9657869
-0.0833611 -0.24557407 0.9657869
-0.22753575 -0.670298 0.7063485
-0.31053126 -0.9147955 0.2583013
-0.31053126 -0.9147955 -0.2583013
-0.2275357 -0.670298 -0.7063485
-0.083361216 -0.24557407 -0.9657869
0.083361216 0.24557398 -0.9657869
0.22753577 0.6702977 -0.70634866
0.3105314 0.9147955 -0.25830102
0.18846981 0.9475015 0.25830236
0.13809739 0.69426274 0.70634866
0.050594274 0.25435406 0.9657869
-0.050594162 -0.2543539 0.9657869
-0.13809721 -0.6942625 0.7063489
-0.18846965 -0.9475016 0.25830194
-0.18846965 -0.9475016 -0.25830194
-0.13809721 -0.6942625 -0.7063489
-0.05059396 -0.25435376 -0.96578693
0.05059422 0.25435406 -0.9657869
0.13809739 0.69426274 -0.70634866
0.18846981 0.9475015 -0.25830236
0.063183576 0.9639962 0.25830057
0.046296295 0.70634794 0.7063492
0.016961344 0.25878164 0.96578693
-0.016961519 -0.25878176 0.9657869
-0.04629669 -0.7063484 0.7063488
-0.06318363 -0.963996 0.25830123
-0.06318363 -0.963996 -0.25830123
-0.04629669 -0.7063484 -0.7063488
-0.016961519 -0.25878176 -0.9657869
0.01696137 0.25878164 -0.96578693
0.046296317 0.70634794 -0.7063492
0.063183576 0.9639962 -0.25830057
-0.06318403 0.9639959 0.25830168
-0.04629676 0.70634925 0.7063479
-0.016961507 0.2587819 0.9657869
0.016961468 -0.25878197 0.9657868
0.046296522 -0.70634836 0.70634884
0.063183665 -0.963996 0.25830138
0.063183665 -0.963996 -0.25830138
0.046296522 -0.70634836 -0.70634884
0.016961453 -0.25878173 -0.9657869
-0.016961545 0.2587819 -0.9657869
-0.046296794 0.70634925 -0.7063479
-0.06318403 0.9639959 -0.25830168
-0.18846914 0.9475017 0.25830194
-0.138097 0.6942622 0.70634925
-0.050594036 0.254354 0.9657869
0.05059412 -0.25435394 0.9657869
0.13809732 -0.6942625 0.70634884
0.1884698 -0.9475018 0.25830123
0.1884698 -0.9475018 -0.25830123
0.13809732 -0.6942625 -0.70634884
0.050594207 -0.25435403 -0.9657869
-0.050594166 0.254354 -0.9657869
-0.13809702 0.6942622 -0.70634925
-0.18846914 0.9475017 -0.25830194
-0.31053135 0.91479534 0.2583017
-0.22753547 0.6702978 0.70634866
-0.08336111 0.24557404 0.9657869
0.083361246 -0.24557418 0.9657868
0.2275356 -0.6702977 0.7063487
0.3105313 -0.91479546 0.25830132
0.3105313 -0.91479546 -0.25830132
0.22753567 -0.6702977 -0.7063487
0.08336117 -0.2455743 -0.9657868
-0.083361275 0.24557422 -0.9657868
-0.22753547 0.6702978 -0.70634866
-0.31053135 0.91479534 -0.2583017
-0.42727903 0.8664366 0.2583026
-0.3130805 0.63486445 0.7063481
-0.114701845 0.23259231 0.9657869
0.11470181 -0.23259254 0.9657868
0.3130803 -0.63486415 0.70634854
0.42727914 -0.86643666 0.25830233
0.4272792 -0.8664368 -0.25830182
0.31308022 -0.63486415 -0.70634854
0.11470176 -0.23259243 -0.9657869
-0.114701696 0.23259223 -0.96578693
-0.31308046 0.6348645 -0.7063482
-0.42727903 0.8664366 -0.2583026
-0.53671676 0.803253 0.25830165
-0.39326838 0.5885673 0.7063487
-0.14408009 0.21563078 0.9657869
0.14407992 -0.21563101 0.9657869
0.39326814 -0.5885674 0.7063488
0.53671664 -0.803253 0.258302
0.53671664 -0.803253 -0.258302
0.39326814 -0.5885674 -0.7063488
0.14408 -0.2156311 -0.9657868
-0.14408004 0.21563087 -0.9657869
-0.39326838 0.5885673 -0.7063487
-0.53671676 0.803253 -0.25830165
-0.63697034 0.7263256 0.25830194
-0.46672714 0.5322007 0.7063485
-0.17099291 0.19498011 0.9657868
0.17099293 -0.19497973 0.9657869
0.46672723 -0.53220016 0.70634884
0.6369708 -0.7263254 0.25830138
0.6369708 -0.72632533 -0.25830168
0.4667273 -0.5322003 -0.7063487
0.17099285 -0.19497977 -0.9657869
-0.17099287 0.19498004 -0.9657868
-0.46672708 0.5322006 -0.70634866
-0.6369704 0.72632563 -0.2583016
-0.72632605 0.6369701 0.2583013
-0.53220034 0.46672654 0.70634913
-0.19497998 0.1709928 0.9657869
0.19498013 -0.17099299 0.9657868
0.5322001 -0.46672717 0.7063489
0.7263253 -0.6369709 0.25830168
0.7263253 -0.6369709 -0.25830168
0.5322001 -0.46672717 -0.7063489
0.19498013 -0.17099299 -0.9657868
-0.19498007 0.17099279 -0.9657869
-0.5322005 0.4667267 -0.70634896
-0.72632605 0.6369701 -0.2583013
-0.8032527 0.5367171 0.25830188
-0.58856726 0.39326853 0.7063487
-0.21563095 0.14407998 0.9657869
0.21563077 -0.14407997 0.9657869
0.5885678 -0.39326835 0.70634836
0.8032532 -0.53671634 0.25830194
0.8032532 -0.53671634 -0.25830194
0.5885676 -0.3932683 -0.7063485
0.2156308 -0.14408 -0.9657869
-0.215631 0.14408001 -0.9657868
-0.5885673 0.39326856 -0.7063486
-0.8032527 0.5367171 -0.25830188
-0.86643666 0.4272793 0.258302
-0.6348643 0.3130806 0.7063483
-0.23259234 0.11470184 0.9657869
0.23259242 -0.114701875 0.9657869
0.6348639 -0.31308004 0.70634884
0.8664366 -0.4272795 0.25830176
0.8664366 -0.4272795 -0.25830176
0.6348639 -0.31308004 -0.70634884
0.23259246 -0.11470184 -0.9657869
-0.23259224 0.11470184 -0.9657869
-0.6348641 0.31308058 -0.7063484
-0.8664366 0.42727926 -0.25830218
-0.9147953 0.31053168 0.2583016
-0.6702976 0.22753559 0.7063488
-0.24557409 0.08336139 0.9657869
0.24557407 -0.08336124 0.9657869
0.6702976 -0.22753584 0.7063487
0.91479516 -0.31053162 0.25830197
0.91479516 -0.31053162 -0.2583019
0.6702976 -0.22753583 -0.7063488
0.24557418 -0.08336123 -0.9657868
-0.24557418 0.08336138 -0.9657868
-0.6702977 0.22753562 -0.7063487
-0.9147952 0.31053168 -0.25830168
-0.94750184 0.18846914 0.2583016
-0.69426244 0.1380968 0.706349
-0.2543541 0.050593942 0.9657869
0.2543541 -0.050594088 0.9657869
0.69426274 -0.13809733 0.70634866
0.9475017 -0.18846919 0.25830197
0.9475017 -0.18846919 -0.25830197
0.6942627 -0.13809733 -0.7063487
0.2543541 -0.050594088 -0.9657869
-0.2543542 0.050593942 -0.9657868
-0.69426256 0.13809681 -0.7063489
-0.94750184 0.18846914 -0.25830153
-0.9639959 0.06318412 0.25830168
-0.7063485 0.046297375 0.70634866
-0.2587819 0.016961528 0.9657869
0.2587818 -0.016961604 0.9657869
0.70634854 -0.046296585 0.7063486
0.9639958 -0.06318403 0.25830188
0.9639958 -0.06318403 -0.25830188
0.70634854 -0.04629659 -0.70634866
0.25878176 -0.016961604 -0.9657869
-0.2587817 0.016961528 -0.9657869
-0.7063485 0.046297375 -0.70634866
-0.9639959 0.06318412 -0.25830168
-0.9639959 -0.06318403 0.25830168
-0.70634854 -0.046297304 0.70634854
-0.25878185 -0.016961504 0.9657869
0.25878185 0.01696158 0.9657869
0.7063485 0.046296533 0.70634866
0.9639958 0.06318394 0.25830185
0.9639958 0.06318395 -0.25830188
0.7063485 0.046296533 -0.70634866
0.258782 0.016961582 -0.9657868
-0.2587818 -0.016961506 -0.9657869
-0.7063484 -0.04629731 -0.70634866
-0.9639959 -0.06318403 -0.25830168
-0.94750184 -0.18846914 0.2583015
-0.69426256 -0.13809681 0.7063489
-0.2543542 -0.05059394 0.9657868
0.25435397 0.050594084 0.9657869
0.69426274 0.13809733 0.70634866
0.9475017 0.18846919 0.25830197
0.9475017 0.18846919 -0.25830194
0.69426274 0.13809732 -0.7063486
0.2543541 0.050594088 -0.9657869
-0.25435403 -0.050593942 -0.9657869
-0.69426256 -0.13809681 -0.7063489
-0.94750184 -0.18846914 -0.25830156
-0.91479534 -0.31053138 0.2583017
-0.67029786 -0.2275353 0.7063487
-0.24557403 -0.08336103 0.9657869
0.24557415 0.083361186 0.9657869
0.67029774 0.22753555 0.7063487
0.9147953 0.31053153 0.25830173
0.9147953 0.31053153 -0.25830173
0.67029774 0.22753555 -0.7063487
0.24557416 0.083361186 -0.9657869
-0.24557401 -0.083361015 -0.96578693
-0.67029786 -0.2275353 -0.7063487
-0.91479534 -0.31053138 -0.2583017
-0.86643666 -0.42727935 0.25830188
-0.6348642 -0.31307977 0.7063487
-0.23259236 -0.11470205 0.9657869
0.23259242 0.114701636 0.9657869
0.634864 0.31308 0.70634884
0.86643714 0.42727864 0.25830153
0.86643714 0.42727864 -0.25830153
0.6348639 0.31308 -0.70634884
0.23259233 0.11470165 -0.9657869
-0.23259237 -0.11470206 -0.9657868
-0.6348641 -0.31307974 -0.7063488
-0.86643666 -0.42727935 -0.25830188
-0.803253 -0.5367166 0.258302
-0.58856726 -0.39326888 0.7063485
-0.21563092 -0.14407997 0.9657869
0.21563068 0.14408003 0.96578693
0.5885677 0.3932679 0.7063487
0.8032531 0.5367166 0.25830165
0.8032532 0.5367165 -0.2583015
0.5885676 0.39326784 -0.7063487
0.21563073 0.14408007 -0.9657869
-0.21563107 -0.14408 -0.9657868
-0.58856726 -0.39326888 -0.7063485
-0.803253 -0.5367166 -0.258302
-0.72632605 -0.6369701 0.2583013
-0.5322005 -0.4667267 0.70634896
-0.19498007 -0.17099279 0.9657869
0.19498013 0.17099299 0.9657868
0.5322001 0.46672717 0.7063489
0.7263253 0.63697094 0.25830138
0.7263253 0.6369709 -0.25830168
0.53220004 0.46672708 -0.7063491
0.19498013 0.17099299 -0.9657868
-0.19497998 -0.1709928 -0.9657869
-0.5322005 -0.4667267 -0.70634896
-0.72632605 -0.6369701 -0.2583013
-0.63697064 -0.7263255 0.2583015
-0.46672752 -0.53220016 0.70634866
-0.17099291 -0.19497988 0.9657869
0.17099299 0.19497977 0.9657869
0.46672764 0.53220016 0.70634854
0.6369712 0.7263249 0.25830188
0.63697124 0.726325 -0.25830162
0.46672773 0.5322003 -0.7063484
0.17099291 0.19497982 -0.9657869
-0.17099282 -0.19497977 -0.9657869
-0.4667275 -0.53220016 -0.70634866
-0.63697064 -0.7263255 -0.2583015
-0.5367169 -0.8032528 0.2583021
-0.3932682 -0.58856726 0.7063489
-0.14408004 -0.21563107 0.9657868
0.14407994 0.21563075 0.96578693
0.39326817 0.5885672 0.7063489
0.5367167 0.803253 0.25830176
0.5367167 0.803253 -0.25830176
0.3932681 0.5885671 -0.7063491
0.14408 0.21563075 -0.9657869
-0.1440801 -0.21563098 -0.9657868
-0.3932683 -0.5885674 -0.7063487
-0.5367169 -0.8032528 -0.2583021
-0.42727903 -0.8664366 0.2583026
-0.3130805 -0.63486445 0.7063481
-0.114701845 -0.23259231 0.9657869
0.11470164 0.23259243 0.9657869
0.3130803 0.63486415 0.70634854
0.42727917 0.8664367 0.25830206
0.42727917 0.8664367 -0.25830206
0.3130803 0.63486415 -0.70634854
0.1147017 0.23259233 -0.9657869
-0.114701845 -0.23259231 -0.9657869
-0.3130805 -0.63486445 -0.7063481
-0.42727903 -0.8664366 -0.2583026
-0.31053147 -0.91479546 0.25830123
-0.22753553 -0.67029804 0.7063484
-0.08336116 -0.2455742 0.9657868
0.08336115 0.24557401 0.9657869
0.22753581 0.6702979 0.7063484
0.31053147 0.91479516 0.25830218
0.31053147 0.91479516 -0.25830218
0.22753574 0.670298 -0.7063485
0.08336125 0.24557401 -0.9657869
-0.083361134 -0.245574 -0.9657869
-0.22753559 -0.67029804 -0.7063484
-0.31053147 -0.91479546 -0.25830123
-0.18847016 -0.94750136 0.2583026
-0.13809796 -0.69426286 0.7063484
-0.050594203 -0.25435376 0.96578693
0.050594382 0.254354 0.9657869
0.13809776 0.69426274 0.70634854
0.18847005 0.9475014 0.2583023
0.18847005 0.9475014 -0.2583023
0.13809776 0.69426274 -0.70634854
0.050594207 0.254354 -0.9657869
-0.05059425 -0.25435376 -0.96578693
-0.13809796 -0.69426286 -0.7063484
-0.18847016 -0.94750136 -0.2583026
-0.06318381 -0.96399593 0.25830147
-0.04629658 -0.706349 0.7063482
-0.016961435 -0.25878173 0.9657869
0.016961526 0.25878185 0.9657869
0.046296783 0.70634884 0.70634836
0.063184 0.96399575 0.25830212
0.063184 0.96399575 -0.25830212
0.04629677 0.70634884 -0.70634836
0.016961519 0.25878185 -0.9657869
-0.016961474 -0.25878173 -0.9657869
-0.04629657 -0.706349 -0.7063482
-0.06318381 -0.96399593 -0.25830147
0.063183576 -0.9639962 0.25830057
0.046296295 -0.70634794 0.7063492
0.016961357 -0.25878185 0.9657869
-0.016961511 0.25878164 0.96578693
-0.04629669 0.7063484 0.7063488
-0.06318363 0.963996 0.25830123
-0.06318363 0.963996 -0.25830123
-0.04629669 0.7063484 -0.7063488
-0.016961519 0.25878176 -0.9657869
0.016961383 -0.25878185 -0.9657869
0.046296317 -0.70634794 -0.7063492
0.063183576 -0.9639962 -0.25830057
0.18846947 -0.94750166 0.2583019
0.13809735 -0.6942625 0.70634884
0.050594177 -0.2543542 0.9657868
-0.05059405 0.25435418 0.9657868
-0.13809723 0.69426304 0.7063483
-0.18846947 0.94750154 0.2583023
-0.18846947 0.94750154 -0.2583023
-0.13809723 0.69426304 -0.7063483
-0.05059409 0.25435406 -0.9657869
0.05059427 -0.254354 -0.9657869
0.13809738 -0.6942625 -0.70634884
0.18846947 -0.94750166 -0.2583019
0.31053132 -0.9147954 0.25830147
0.22753541 -0.6702976 0.70634884
0.08336117 -0.24557418 0.9657869
-0.08336118 0.24557404 0.9657869
-0.2275353 0.6702978 0.7063488
-0.310531 0.9147957 0.25830093
-0.310531 0.9147957 -0.25830093
-0.2275353 0.6702978 -0.7063488
-0.083361275 0.24557416 -0.9657869
0.0833612 -0.24557427 -0.9657868
0.22753541 -0.6702976 -0.70634884
0.31053132 -0.9147954 -0.25830147
0.42727932 -0.86643684 0.25830132
0.31308025 -0.63486403 0.70634866
0.11470175 -0.23259227 0.96578693
-0.114701815 0.23259237 0.9657869
-0.31308016 0.63486403 0.7063487
-0.42727932 0.8664367 0.25830185
-0.42727935 0.8664368 -0.25830162
-0.31307995 0.6348638 -0.70634896
-0.114701815 0.23259237 -0.9657869
0.11470164 -0.23259227 -0.96578693
0.31308046 -0.6348644 -0.70634824
0.42727932 -0.86643684 -0.25830132
0.5367164 -0.8032532 0.2583018
0.39326805 -0.5885673 0.7063489
0.14407995 -0.2156309 0.9657869
-0.14407998 0.21563092 0.9657869
-0.3932684 0.5885674 0.7063486
-0.53671694 0.803253 0.25830138
-0.53671694 0.803253 -0.25830138
-0.3932684 0.5885675 -0.70634854
-0.1440801 0.2156309 -0.9657869
0.14407985 -0.2156309 -0.9657869
0.39326817 -0.5885675 -0.7063487
0.5367164 -0.8032532 -0.2583018
0.63697004 -0.726326 0.25830153
0.4667269 -0.5322009 0.70634854
0.17099276 -0.19498025 0.9657868
-0.17099264 0.19498001 0.9657869
-0.46672696 0.5322009 0.7063485
-0.6369697 0.7263262 0.25830173
-0.6369697 0.7263262 -0.25830173
-0.4667269 0.53220075 -0.7063486
-0.17099252 0.19498001 -0.96578693
0.17099269 -0.19498017 -0.9657868
0.466727 -0.5322008 -0.7063485
0.63697004 -0.726326 -0.25830153
0.7263254 -0.6369705 0.25830212
0.5322006 -0.4667276 0.70634824
0.19497983 -0.17099276 0.96578693
-0.19498003 0.17099282 0.9657869
-0.53220034 0.4667273 0.70634866
-0.72632563 0.63697034 0.2583018
-0.72632563 0.63697034 -0.2583018
-0.5322004 0.4667273 -0.7063486
-0.19498003 0.17099282 -0.9657869
0.19498001 -0.17099282 -0.9657869
0.53220063 -0.4667276 -0.70634824
0.7263254 -0.6369705 -0.25830212
0.80325323 -0.5367161 0.25830227
0.5885677 -0.39326832 0.7063485
0.21563101 -0.14407991 0.9657869
-0.21563081 0.14407997 0.9657869
-0.58856755 0.39326808 0.7063487
-0.8032532 0.5367164 0.25830197
-0.8032532 0.5367164 -0.25830197
-0.5885676 0.39326808 -0.7063486
-0.21563089 0.14407994 -0.9657869
0.21563101 -0.14407991 -0.9657869
0.5885677 -0.3932683 -0.7063484
0.8032533 -0.5367161 -0.2583021
0.86643624 -0.42728004 0.25830218
0.63486385 -0.3130805 0.7063487
0.23259237 -0.114701845 0.9657869
-0.23259223 0.11470201 0.9657869
-0.634864 0.31308073 0.7063485
-0.8664363 0.42727992 0.25830206
-0.8664363 0.42727992 -0.25830206
-0.634864 0.31308076 -0.7063485
-0.23259223 0.11470201 -0.9657869
0.23259223 -0.11470182 -0.96578693
0.6348639 -0.31308046 -0.70634866
0.86643624 -0.42728004 -0.25830218
0.91479534 -0.3105313 0.2583018
0.6702978 -0.22753522 0.7063487
0.24557416 -0.0833613 0.9657868
-0.24557406 0.08336115 0.9657869
-0.67029804 0.22753553 0.7063485
-0.9147954 0.31053102 0.2583019
-0.9147954 0.31053108 -0.25830188
-0.6702979 0.22753552 -0.70634854
-0.24557419 0.08336115 -0.9657869
0.24557407 -0.08336131 -0.9657869
0.6702978 -0.22753522 -0.7063487
0.91479534 -0.3105313 -0.25830173
0.94750184 -0.18846914 0.25830153
0.69426256 -0.13809755 0.7063488
0.254354 -0.050594125 0.9657869
-0.25435403 0.050594307 0.9657869
-0.6942627 0.13809732 0.7063487
-0.94750166 0.18846972 0.25830173
-0.94750166 0.18846972 -0.2583018
-0.6942627 0.13809732 -0.7063487
-0.25435403 0.050594307 -0.9657869
0.2543541 -0.050594125 -0.9657869
0.69426256 -0.13809755 -0.7063488
0.94750184 -0.18846914 -0.25830156
0.9639959 -0.06318415 0.2583017
0.7063485 -0.04629665 0.70634866
0.25878185 -0.016961323 0.9657869
-0.25878182 0.016961373 0.9657869
-0.7063485 0.046296615 0.7063487
-0.9639959 0.0631835 0.2583017
-0.9639959 0.0631835 -0.25830168
-0.7063485 0.046296615 -0.7063487
-0.25878182 0.016961373 -0.9657869
0.25878176 -0.016961323 -0.9657869
0.7063485 -0.04629665 -0.70634866
0.9639959 -0.06318415 -0.2583017
-0.09801624 0.02901844 0.99476165
-0.2902852 0.027903372 0.95653325
-0.47139737 0.025715731 0.88154596
-0.634393 0.0225401 0.772682
-0.77300966 0.018498227 0.63412446
-0.88192135 0.013745395 0.47119617
-0.9569408 0.008464335 0.29015955
-0.99518466 0.0028580718 0.09797588
-0.99518466 -0.002858127 -0.09797589
-0.9569408 -0.008464359 -0.29015955
-0.8819212 -0.013745432 -0.47119653
-0.77301 -0.018498298 -0.6341241
-0.63439363 -0.022540158 -0.7726815
-0.47139737 -0.025715848 -0.8815459
-0.29028434 -0.027903294 -0.95653355
-0.09801718 -0.029018458 -0.9947616
0.09801731 -0.029018445 -0.9947615
0.29028443 -0.027903318 -0.9565335
0.47139668 -0.025715893 -0.8815463
0.6343936 -0.022540184 -0.7726815
0.7730106 -0.01849837 -0.6341233
0.8819212 -0.013745352 -0.47119653
0.9569405 -0.008464193 -0.29016086
0.99518466 -0.002858154 -0.09797589
0.99518466 0.002858045 0.09797588
0.9569404 0.008464305 0.29016095
0.88192135 0.013745395 0.47119617
0.77301043 0.018498274 0.6341235
0.634393 0.022540046 0.772682
0.4713967 0.025715776 0.88154626
-4.3435872E-10 0.9995748 -0.029158939
0.2902852 0.027903372 0.95653325
0.09801639 0.02901851 0.99476165
0.0980183 -0.029018471 -0.99476147
0.29028445 -0.02790327 -0.9565335
0.47139633 -0.025715733 -0.8815465
0.6343937 -0.022540104 -0.7726814
0.7730103 -0.01849813 -0.63412374
0.88192147 -0.013745446 -0.47119585
0.9569403 -0.00846435 -0.29016128
0.99518484 -0.0028580162 -0.09797456
0.99518484 0.002858071 0.09797457
0.95694023 0.008464404 0.29016158
0.88192123 0.01374534 0.4711964
0.77301043 0.018498145 0.63412356
0.63439363 0.0225402 0.7726815
0.47139734 0.025715845 0.88154596
0.2902839 0.027903376 0.9565337
0.09801842 0.029018456 0.99476147
-0.0980183 0.02901846 0.99476147
-0.2902839 0.027903307 0.9565337
-0.47139734 0.025715794 0.88154596
-0.6343936 0.022539984 0.77268153
-0.773011 0.018497987 0.63412285
-0.88192093 0.01374533 0.4711969
-0.9569406 0.008464279 0.29016045
-0.9951847 0.0028581452 0.09797567
-0.9951847 -0.0028581442 -0.09797564
-0.9569406 -0.008464279 -0.29016045
-0.8819207 -0.013745483 -0.47119734
-0.7730109 -0.018498288 -0.63412297
-0.6343937 -0.022540001 -0.7726814
-0.47139633 -0.025715953 -0.8815465
0 0.9995748 -0.029159091
-0.29028445 -0.027903339 -0.9565335
-0.0980183 -0.02901846 -0.99476147
-7.330018E-10 -0.9995748 0.029158833
0.09801763 -0.029017953 -0.9947615
0.29028443 -0.027903149 -0.9565335
0.47139627 -0.025716217 -0.8815465
0.6343935 -0.02254008 -0.77268153
0.77301 -0.018498048 -0.6341241
0.8819219 -0.013745478 -0.47119516
0.95694 -0.008464407 -0.29016232
0.99518484 -0.0028580602 -0.09797446
0.99518484 0.0028579622 0.09797452
0.95694005 0.008464508 0.29016215
0.88192195 0.013745283 0.47119507
0.7730095 0.018498028 0.6341247
0.6343934 0.022540009 0.7726817
0.47139692 0.025715737 0.8815462
0.29028478 0.0279033 0.95653343
0.09801745 0.029018529 0.9947615
-0.09801745 0.029018551 0.9947615
-0.29028478 0.027903428 0.9565334
-0.47139752 0.025715582 0.88154584
-0.634393 0.022539983 0.772682
-0.7730102 0.018498087 0.6341238
-0.8819216 0.013744925 0.47119567
-0.95694035 0.008464019 0.29016116
-0.9951847 0.0028585482 0.09797562
-0.9951847 -0.002858335 -0.09797555
-0.9569403 -0.008465173 -0.2901613
-0.8819213 -0.013745041 -0.4711963
-0.77301073 -0.018497972 -0.63412315
-0.63439316 -0.022540096 -0.77268183
-0.4713969 -0.025716322 -0.88154614
7.0964296E-10 0.9995748 -0.029158952
-0.290284 -0.027902948 -0.9565337
-0.09801763 -0.029017964 -0.9947615
-3.1539685E-10 -0.9995748 0.02915904
0.09801745 -0.029018493 -0.9947615
0.29028484 -0.027903322 -0.9565334
0.4713972 -0.025716078 -0.881546
0.63439393 -0.022540173 -0.77268124
0.7730093 -0.018498287 -0.63412493
0.8819224 -0.013745486 -0.4711941
0.9569404 -0.008464376 -0.29016107
0.9951846 -0.0028581375 -0.09797666
0.9951846 0.0028581386 0.0979767
0.9569405 0.00846436 0.29016083
0.88192225 0.013745378 0.47119442
0.77300954 0.018498212 0.63412464
0.63439345 0.02254014 0.77268165
0.4713972 0.025715832 0.881546
0.2902846 0.027903263 0.95653343
0.09801676 0.029018434 0.9947616
-0.09801669 0.029018449 0.9947616
-0.2902846 0.027903276 0.95653343
-0.47139683 0.02571589 0.8815462
-0.63439345 0.022540165 0.77268165
-0.77301073 0.01849802 0.6341232
-0.88192123 0.013745535 0.47119635
-0.9569405 0.008464461 0.2901608
-0.9951846 0.0028580118 0.09797671
-0.9951846 -0.002858112 -0.09797666
-0.9569404 -0.008464214 -0.29016107
-0.8819214 -0.013745537 -0.471196
-0.7730105 -0.018498573 -0.63412344
-0.63439393 -0.022540217 -0.77268124
-0.47139752 -0.025715977 -0.88154584
-1.2397672E-10 0.9995748 -0.029159037
-0.29028484 -0.02790331 -0.9565334
-0.09801737 -0.02901847 -0.9947615
0 -0.9995748 0.029158775
0.09801704 -0.029018497 -0.9947616
0.2902852 -0.027903385 -0.95653325
0.4713959 -0.02571587 -0.8815467
0.6343926 -0.022540184 -0.7726823
0.7730107 -0.018498283 -0.63412327
0.88192093 -0.013745365 -0.4711969
0.95694035 -0.008464318 -0.2901612
0.9951848 -0.002858051 -0.09797521
0.9951848 0.002857993 0.09797518
0.95694053 0.0084644 0.2901607
0.8819211 0.013745503 0.47119662
0.77301025 0.018498309 0.63412374
0.6343939 0.022540076 0.77268124
0.47139692 0.025715852 0.88154614
0.29028487 0.027903346 0.9565334
0.098017626 0.029018495 0.9947615
-0.09801756 0.029018518 0.9947615
-0.29028505 0.02790332 0.9565333
-0.47139686 0.025715832 0.8815462
-0.6343932 0.022540094 0.77268183
-0.77301025 0.018498233 0.63412374
-0.88192123 0.01374546 0.4711963
-0.9569405 0.008464602 0.2901607
-0.9951846 0.0028578446 0.09797663
-0.9951846 -0.0028582364 -0.09797659
-0.95694035 -0.008464661 -0.2901612
-0.88192123 -0.013745211 -0.47119638
-0.77301085 -0.018498167 -0.634123
-0.6343923 -0.022540161 -0.77268255
-0.4713959 -0.025715893 -0.8815467
-1.5981452E-09 0.9995748 -0.029159032
-0.29028535 -0.02790334 -0.95653325
-0.09801697 -0.029018499 -0.9947616
4.7944354E-10 -0.9995748 0.02915899
0.09801734 -0.029018845 -0.9947615
0.29028395 -0.02790364 -0.9565337
0.4713961 -0.025716472 -0.88154656
0.6343933 -0.022540463 -0.7726817
0.7730103 -0.018498376 -0.63412374
0.88192123 -0.013745261 -0.4711963
0.95694065 -0.008464494 -0.2901603
0.9951848 -0.0028581799 -0.097975
0.9951848 0.0028579424 0.097974986
0.9569406 0.008464369 0.29016045
0.88192135 0.0137452455 0.4711962
0.7730105 0.01849823 0.63412344
0.6343932 0.022540245 0.7726818
0.47139636 0.025715968 0.8815465
0.2902848 0.027903495 0.9565334
0.09801745 0.029018601 0.9947615
-0.098017275 0.029018605 0.9947615
-0.2902848 0.02790347 0.9565334
-0.47139707 0.025716128 0.8815461
-0.6343932 0.022540068 0.7726818
-0.7730101 0.018497964 0.634124
-0.8819213 0.013745367 0.4711962
-0.9569406 0.008464071 0.29016042
-0.9951848 0.0028584094 0.097974986
-0.9951848 -0.002858193 -0.097974986
-0.95694065 -0.008464039 -0.2901603
-0.88192123 -0.013745207 -0.4711963
-0.77300984 -0.01849846 -0.6341243
-0.6343944 -0.022540366 -0.7726808
-0.47139648 -0.025716303 -0.8815464
-1.3208931E-10 0.9995748 -0.029158775
-0.29028395 -0.027903667 -0.9565337
-0.09801725 -0.029018875 -0.9947615
-6.604466E-10 -0.9995748 0.029158948
0.09801729 -0.029018486 -0.9947615
0.29028508 -0.027903413 -0.9565333
0.4713959 -0.025715986 -0.8815467
0.634393 -0.02254019 -0.772682
0.77301204 -0.018498167 -0.63412166
0.8819207 -0.013745531 -0.4711973
0.9569403 -0.008464334 -0.29016134
0.9951848 -0.002857981 -0.09797513
0.9951847 0.0028580567 0.09797535
0.95694005 0.008464486 0.2901621
0.88192034 0.013745537 0.47119802
0.77301246 0.018498095 0.63412106
0.6343924 0.022540152 0.77268255
0.47139668 0.025715955 0.88154626
0.2902839 0.027903274 0.9565337
0.09801751 0.029018521 0.9947615
-0.0980175 0.029018503 0.9947615
-0.2902836 0.027903365 0.9565338
-0.47139665 0.025715783 0.8815463
-0.6343937 0.022539975 0.7726814
-0.7730106 0.018498207 0.6341234
-0.88192105 0.0137452725 0.47119674
-0.95694035 0.008464572 0.29016125
-0.99518466 0.0028582807 0.09797624
-0.99518466 -0.0028579375 -0.09797609
-0.95694053 -0.008464749 -0.2901606
-0.88192165 -0.0137452185 -0.4711956
-0.7730101 -0.018498328 -0.634124
-0.63439435 -0.022540117 -0.7726809
-0.4713959 -0.025715727 -0.8815467
5.0444626E-10 0.9995748 -0.02915879
-0.29028475 -0.027903453 -0.95653343
-0.09801729 -0.029018486 -0.9947615
-3.3629766E-10 -0.9995748 0.029158825
0.09801803 -0.029018257 -0.99476147
0.29028434 -0.02790336 -0.95653355
0.47139695 -0.025716268 -0.88154614
0.6343936 -0.022540256 -0.77268153
0.7730098 -0.018498251 -0.63412434
0.8819217 -0.013745522 -0.4711954
0.9569404 -0.008464381 -0.29016092
0.9951848 -0.0028580085 -0.097974844
0.9951848 0.0028580418 0.097974844
0.95694035 0.008464434 0.29016122
0.88192165 0.013745437 0.47119555
0.77300966 0.018498188 0.63412446
0.6343928 0.022540232 0.77268213
0.47139677 0.025715848 0.88154626
0.29028443 0.027903358 0.9565335
0.0980173 0.029018527 0.9947615
-0.0980173 0.029018572 0.9947615
-0.29028422 0.027903272 0.95653355
-0.47139677 0.025716092 0.88154626
-0.6343928 0.022540031 0.77268213
-0.7730111 0.018498 0.6341227
-0.88192165 0.013745615 0.47119555
-0.9569402 0.008464477 0.29016185
-0.9951848 0.002857764 0.097974844
-0.9951848 -0.002857942 -0.097974844
-0.9569401 -0.008464701 -0.29016194
-0.8819217 -0.013745344 -0.4711954
-0.7730108 -0.018498098 -0.6341231
-0.6343936 -0.02254008 -0.77268153
-0.47139695 -0.025716335 -0.88154614
-7.587031E-10 0.9995748 -0.029158922
-0.29028413 -0.027903363 -0.9565336
-0.09801803 -0.02901828 -0.99476147
1.6257926E-09 -0.9995748 0.029158885
0.098016486 -0.029018583 -0.99476165
0.29028437 -0.027903398 -0.95653355
0.47139743 -0.02571584 -0.8815459
0.63439184 -0.022540374 -0.7726829
0.77301127 -0.018498091 -0.6341225
0.8819215 -0.013745318 -0.47119585
0.9569399 -0.008464644 -0.2901628
0.99518466 -0.0028580353 -0.09797628
0.99518466 0.0028582767 0.09797634
0.9569399 0.008464414 0.29016277
0.88192177 0.013744823 0.47119534
0.7730117 0.018499015 0.634122
0.63439226 0.022540439 0.77268255
0.47139758 0.025715794 0.8815458
0.29028505 0.027903315 0.9565333
0.0980172 0.029018583 0.9947615
-0.098017074 0.029018624 0.9947616
-0.2902854 0.027903546 0.9565332
-0.47139698 0.025715847 0.88154614
-0.6343936 0.022540405 0.77268153
-0.7730108 0.018497992 0.63412315
-0.88192177 0.013745662 0.47119534
-0.95694023 0.008464396 0.2901616
-0.9951848 0.0028578963 0.09797488
-0.9951848 -0.0028582553 -0.097974695
-0.95694023 -0.008464708 -0.29016164
-0.8819215 -0.013745578 -0.47119585
-0.7730107 -0.018498076 -0.6341233
-0.6343925 -0.022540117 -0.7726824
-0.4713964 -0.025715778 -0.88154644
-2.33851E-09 0.9995748 -0.029158913
-0.29028475 -0.027903553 -0.95653343
-0.09801636 -0.029018626 -0.99476165
-8.769414E-10 -0.9995748 0.029159242
0.09801845 -0.029018281 -0.99476147
0.2902839 -0.02790302 -0.9565337
0.4713973 -0.025715746 -0.88154596
0.6343944 -0.022540418 -0.7726809
0.7730108 -0.018498264 -0.63412315
0.8819208 -0.013744804 -0.4711971
0.95694035 -0.008464251 -0.29016113
0.9951846 -0.0028571093 -0.097976625
0.9951846 0.0028582169 0.09797668
0.9569403 0.008464273 0.2901615
0.88192147 0.013745759 0.4711959
0.7730112 0.018498342 0.63412255
0.6343931 0.022540307 0.7726819
0.47139683 0.025715921 0.8815462
0.29028416 0.027903398 0.9565336
0.09801757 0.029018514 0.9947615
-0.09801748 0.02901856 0.9947615
-0.29028416 0.02790335 0.9565336
-0.47139683 0.025715921 0.8815462
-0.6343924 0.022540046 0.7726825
-0.7730112 0.018498413 0.63412255
-0.8819214 0.013745716 0.47119606
-0.95694065 0.008465268 0.29016012
-0.9951846 0.0028580048 0.09797668
-0.9951846 -0.0028584776 -0.097976625
-0.95694077 -0.008464136 -0.29015976
-0.8819208 -0.0137451105 -0.4711971
-0.7730108 -0.018498477 -0.63412315
-0.63439363 -0.022539565 -0.7726815
-0.4713973 -0.02571577 -0.88154596
1.6106027E-09 0.9995748 -0.029159043
-0.29028386 -0.027903255 -0.9565337
-0.09801845 -0.029018233 -0.99476147
2.3008606E-10 -0.9995748 0.029158508
0.09801734 -0.029018495 -0.9947615
0.29028496 -0.027903305 -0.9565334
0.47139674 -0.02571578 -0.88154626
0.6343939 -0.022540119 -0.77268124
0.7730094 -0.01849828 -0.63412476
0.88192135 -0.013745502 -0.47119612
0.9569405 -0.008464362 -0.2901608
0.9951848 -0.0028579528 -0.09797468
0.9951848 0.0028579254 0.09797479
0.95694053 0.008464521 0.2901606
0.88192135 0.01374547 0.47119612
0.7730093 0.018498182 0.63412493
0.63439405 0.022540146 0.7726812
0.47139743 0.025715826 0.8815459
0.2902846 0.027903294 0.95653343
0.09801802 0.029018408 0.99476147
-0.09801802 0.029018408 0.99476147
-0.29028404 0.027903302 0.9565336
-0.47139743 0.025715826 0.8815459
-0.63439405 0.022540146 0.7726812
-0.7730102 0.018498234 0.63412386
-0.88192064 0.0137453005 0.4711975
-0.95694107 0.008464335 0.29015884
-0.9951846 0.0028583694 0.097976655
-0.9951846 -0.0028580476 -0.0979765
-0.95694095 -0.0084645245 -0.2901592
-0.88192064 -0.013745364 -0.4711975
-0.7730102 -0.018498361 -0.63412386
-0.6343939 -0.02254015 -0.77268124
-0.47139674 -0.025715843 -0.88154626
1.3838333E-09 0.9995748 -0.029159073
-0.29028454 -0.027903328 -0.9565335
-0.098017335 -0.029018432 -0.9947615
-1.2108539E-09 -0.9995748 0.029158913
0.09801822 -0.029018687 -0.99476147
0.29028523 -0.027903622 -0.95653325
0.4713961 -0.025715923 -0.8815466
0.634392 -0.022540003 -0.77268285
0.77301174 -0.018498048 -0.63412195
0.88192123 -0.0137455305 -0.47119635
0.95694023 -0.008464423 -0.29016152
0.99518466 -0.0028590115 -0.09797627
0.99518466 0.0028584294 0.09797606
0.95694035 0.008464069 0.29016116
0.88192123 0.013744844 0.47119638
0.7730111 0.018498313 0.6341227
0.6343931 0.02254037 0.7726819
0.4713966 0.025715651 0.8815463
0.29028466 0.027903536 0.95653343
0.09801774 0.02901856 0.9947615
-0.0980176 0.029018607 0.9947615
-0.29028466 0.02790327 0.95653343
-0.4713966 0.025715431 0.8815463
-0.6343945 0.022539979 0.77268076
-0.7730102 0.018498283 0.63412386
-0.8819212 0.013747368 0.47119635
-0.95694035 0.008464734 0.29016116
-0.99518466 0.002858961 0.09797606
-0.99518466 -0.0028591445 -0.09797627
-0.95694023 -0.008464201 -0.29016152
-0.88192123 -0.013743803 -0.47119635
-0.7730107 -0.018497624 -0.63412327
-0.6343927 -0.022540381 -0.77268225
-0.4713961 -0.025715746 -0.8815466
2.1604674E-10 0.9995748 -0.029158857
-0.29028523 -0.02790371 -0.95653325
-0.098017946 -0.029018737 -0.99476147
1.2962806E-09 -0.9995748 0.029158916
0.098017596 -0.029017981 -0.9947615
0.29028416 -0.027902965 -0.9565336
0.4713978 -0.025715893 -0.88154566
0.6343946 -0.02253969 -0.7726807
0.77301013 -0.018498145 -0.6341239
0.88192093 -0.0137450835 -0.47119695
0.9569408 -0.008464783 -0.29015964
0.9951846 -0.00285811 -0.097976685
0.9951846 0.0028583342 0.09797657
0.95694077 0.008464344 0.2901599
0.88192093 0.013744986 0.47119692
0.77300984 0.018498074 0.6341243
0.6343944 0.022540001 0.7726809
0.47139692 0.02571557 0.88154614
0.29028568 0.027903117 0.95653313
0.09801724 0.029018344 0.9947616
-0.09801724 0.029018344 0.9947616
-0.29028568 0.027903061 0.95653313
-0.47139618 0.025715642 0.88154656
-0.63439345 0.022539634 0.7726816
-0.7730108 0.01849745 0.63412315
-0.88192165 0.013745248 0.47119552
-0.95694023 0.008464563 0.29016155
-0.9951848 0.0028578308 0.09797491
-0.9951848 -0.0028576616 -0.09797498
-0.9569404 -0.008464611 -0.29016107
-0.88192147 -0.0137452595 -0.4711959
-0.7730106 -0.018498689 -0.6341233
-0.63439417 -0.02254001 -0.77268106
-0.47139707 -0.02571535 -0.8815461
-1.365525E-10 0.9995748 -0.029158734
-0.2902842 -0.02790288 -0.9565336
-0.098017596 -0.029018037 -0.9947615
-2.731051E-10 -0.9995748 0.029158726
0.098017365 -0.029018443 -0.9947615
0.29028466 -0.027903425 -0.95653343
0.47139648 -0.02571561 -0.8815464
0.6343934 -0.022539983 -0.77268165
0.7730104 -0.018498432 -0.6341236
0.88192093 -0.013745442 -0.47119692
0.95694023 -0.008464761 -0.29016155
0.99518454 -0.0028583603 -0.09797712
0.99518454 0.0028576031 0.09797715
0.9569403 0.008464293 0.29016137
0.8819213 0.013744824 0.4711962
0.77301043 0.018498449 0.63412356
0.63439375 0.02254012 0.7726814
0.471397 0.025715841 0.8815461
0.29028466 0.02790346 0.95653343
0.098017514 0.029018478 0.9947615
-0.098017514 0.029018478 0.9947615
-0.29028434 0.027903177 0.95653355
-0.471397 0.025715733 0.88154614
-0.63439375 0.022539975 0.7726814
-0.7730103 0.018498125 0.6341237
-0.8819213 0.013744588 0.47119623
-0.95694065 0.008463714 0.29016024
-0.9951847 0.0028583624 0.097975805
-0.9951847 -0.0028579622 -0.09797582
-0.9569407 -0.0084639685 -0.29015997
-0.88192093 -0.013745116 -0.47119692
-0.7730104 -0.018498233 -0.6341236
-0.63439375 -0.022539722 -0.7726814
-0.47139648 -0.025715575 -0.8815464
0 0.9995748 -0.029158894
-0.29028434 -0.02790343 -0.95653355
-0.098017365 -0.029018478 -0.9947615
-1.8546805E-09 -0.9995748 0.029158862
0.098018005 -0.029018499 -0.99476147
0.29028454 -0.02790334 -0.9565335
0.4713959 -0.025715925 -0.88154674
0.6343945 -0.022540042 -0.7726807
0.77300996 -0.018498002 -0.63412416
0.881921 -0.013745479 -0.47119683
0.9569404 -0.008464188 -0.29016092
0.99518484 -0.002857942 -0.097974434
0.99518484 0.0028581219 0.09797442
0.9569404 0.008464478 0.29016092
0.8819211 0.013745593 0.4711966
0.77301013 0.018498512 0.63412386
0.6343942 0.02253994 0.772681
0.47139636 0.02571589 0.88154644
0.2902849 0.02790318 0.9565334
0.09801747 0.029018454 0.9947615
-0.09801761 0.029018497 0.9947615
-0.29028493 0.027903315 0.9565334
-0.4713958 0.025715992 0.8815468
-0.6343942 0.022539718 0.772681
-0.77301085 0.018498017 0.634123
-0.8819211 0.013745124 0.4711966
-0.95694 0.008464563 0.29016238
-0.99518484 0.0028583214 0.09797439
-0.99518484 -0.002858454 -0.097974434
-0.95694 -0.008464118 -0.2901624
-0.881921 -0.013745257 -0.47119686
-0.7730108 -0.01849849 -0.6341231
-0.6343945 -0.022540243 -0.7726807
-0.47139558 -0.025715861 -0.88154685
2.1717916E-10 0.9995748 -0.02915887
-0.29028454 -0.027903207 -0.9565335
-0.09801807 -0.029018475 -0.99476147
-1.4116648E-09 -0.9995748 0.029158974
0.098018676 -0.02901885 -0.9947614
0.29028416 -0.027903592 -0.9565336
0.47139817 -0.025716059 -0.8815455
0.6343935 -0.022540301 -0.7726816
0.7730107 -0.01849801 -0.6341233
0.8819213 -0.013745512 -0.47119617
0.95694023 -0.008464435 -0.29016167
0.99518466 -0.00285818 -0.09797635
0.99518466 0.002858016 0.0979764
0.9569402 0.008464286 0.29016182
0.88192177 0.01374541 0.4711953
0.7730107 0.018498324 0.63412327
0.63439333 0.022540264 0.7726817
0.47139642 0.025716005 0.88154644
0.29028514 0.02790346 0.9565333
0.09801778 0.029018389 0.9947615
-0.0980178 0.029018443 0.9947615
-0.29028514 0.02790327 0.9565333
-0.47139642 0.025715867 0.88154644
-0.63439405 0.022540424 0.7726811
-0.7730106 0.018498626 0.6341233
-0.88192123 0.0137462225 0.47119632
-0.9569401 0.008464917 0.29016188
-0.99518466 0.0028584534 0.0979764
-0.99518466 -0.002858344 -0.09797635
-0.95694023 -0.008464859 -0.29016167
-0.8819212 -0.013745415 -0.47119653
-0.7730107 -0.0184982 -0.6341233
-0.63439393 -0.022540016 -0.77268124
-0.47139817 -0.025715787 -0.8815455
0 0.9995748 -0.029158954
-0.29028416 -0.027903564 -0.9565336
-0.098018676 -0.029018823 -0.9947614
-9.999144E-10 -0.9995748 0.02915878
0.43652838 -0.89930797 0.026233135
0.99214625 0.12503004 -0.0036472862
-2.1213148E-07 0.02915891 0.9995748
-0.99214625 -0.12503003 0.0036472867
-5.8004703E-09 -0.029158933 -0.9995748
0.12508324 -0.9917244 0.028929863
-0.12508318 0.9917244 -0.028929828
0.9121096 0.40977204 -0.011953576
-2.0703038E-07 0.029158935 0.9995748
-0.9121096 -0.40977207 0.011953585
2.4261373E-08 -0.029158939 -0.9995748
0.40994653 -0.9117217 0.026596116
-0.4099465 0.9117217 -0.026596198
0.092548646 -0.9194854 0.3820751
0.66082126 -0.6715925 0.33508024
-0.24573193 -0.936546 0.24999481
-0.24573201 -0.94952625 -0.19497621
0.092548594 -0.9401943 -0.32782525
0.8787918 -0.34029567 0.33455017
0.020110903 -0.26483935 0.96408284
-0.85781235 -0.33623192 0.38872373
-0.49796745 -0.33574006 -0.79956675
0.45905745 -0.3335862 -0.82339936
0.73529595 -0.106051415 0.6693975
-0.2506098 -0.08392144 0.96444386
-0.9905969 -0.13675494 0.003989324
-0.25060976 -0.13999927 -0.9579118
0.7352962 -0.14489225 -0.66207683
0.3584091 0.6522554 0.6679115
-0.41796955 0.65855277 0.62578726
-0.660821 0.6715927 -0.33508027
0.032637183 0.5879838 -0.808214
0.689093 0.67981935 -0.25099096
0.24573188 0.936546 -0.24999471
0.45015872 0.78218794 -0.4307426
0.35840893 0.6122116 -0.7047978
-0.092548795 0.9194854 -0.382075
-0.16424996 0.7401499 -0.6520737
-0.41796964 0.6209538 -0.6631122
-0.30645695 0.9514798 -0.027755842
-0.573698 0.8187186 -0.023883078
-0.6608211 0.6899835 0.29536128
-0.09254867 0.9401942 0.32782567
-0.16425003 0.7769026 0.60781926
0.032636948 0.6340975 0.772564
0.24573193 0.94952637 0.1949757
0.45015854 0.80596733 0.38441375
0.6890931 0.6932943 0.21093532
0.85781235 0.3362317 -0.38872385
0.72802126 0.16813768 -0.6646162
0.4979681 0.28855956 -0.81777817
-0.02011056 0.26483962 -0.9640828
-0.24862972 0.13970858 -0.95847005
-0.45905787 0.2850201 -0.84144485
-0.8787918 0.34029567 -0.33455023
-0.97898614 0.20384021 -0.005946294
-0.87879187 0.35921875 0.31414443
-0.45905766 0.33358598 0.8233993
-0.24862961 0.19534282 0.9486962
-0.020110874 0.3205882 0.94700515
0.49796802 0.3357395 0.7995666
0.72802114 0.2065942 0.653685
0.8578123 0.3583199 0.36846286
0.2506097 0.083921656 -0.96444386
0.24862969 -0.19534303 -0.94869614
0.020110482 -0.32058844 -0.9470051
-0.7352959 0.10605192 -0.6693974
-0.7280212 -0.20659454 -0.6536848
-0.85781246 -0.35831955 -0.36846277
-0.735296 0.1448926 0.662077
-0.72802114 -0.16813791 0.6646163
-0.49796793 -0.28855965 0.8177782
0.25060982 0.13999887 0.9579118
0.2486296 -0.13970844 0.95847005
0.45905736 -0.28502032 0.841445
0.99059683 0.13675506 -0.0039893254
0.9789861 -0.20384037 0.0059462655
0.87879175 -0.3592191 -0.31414443
0.41796982 -0.65855247 -0.62578744
0.16424996 -0.77690285 -0.607819
-0.032636993 -0.63409746 -0.77256405
-0.35840917 -0.65225536 -0.6679116
-0.4501583 -0.8059674 -0.38441393
-0.68909323 -0.6932942 -0.21093506
-0.6890932 -0.67981935 0.2509906
-0.45015848 -0.78218824 0.43074232
-0.3584091 -0.6122115 0.70479786
0.6608212 -0.68998337 -0.2953614
0.5736978 -0.8187188 0.02388308
0.3064571 -0.95147973 0.027755653
-0.032636885 -0.5879839 0.80821395
0.16425017 -0.74015 0.6520735
0.41796952 -0.6209535 0.6631125
0.19721662 0.9799431 -0.028586226
0 0.02915888 0.9995748
-0.1972166 -0.9799431 0.02858622
1.8629768E-08 -0.029158883 -0.9995748
0.98036003 -0.19713242 0.0057506124
-0.98036 0.19713253 -0.0057506138
0.11191806 -0.02807109 -0.9933209
0.32771993 -0.024899589 -0.94444674
0.5215093 -0.020664116 -0.85299534
0.68429905 -0.015730975 -0.7290318
0.8124058 -0.010434684 -0.58299905
0.9058924 -0.005025007 -0.4234781
0.9665388 0.00033605663 -0.2565202
0.9962789 0.0055507785 -0.08600939
0.9962789 0.010554981 0.08553957
0.9665388 0.015288744 0.2560646
0.90589255 0.019669408 0.42305055
0.8124056 0.023567962 0.5826163
0.6842992 0.026793232 0.7287089
0.52151 0.029094735 0.852749
0.3277198 0.0301974 0.94429225
0.111917906 0.029880334 0.99326813
-0.11191864 0.02807109 0.9933208
-0.3277198 0.024899567 0.9444468
-0.5215095 0.02066407 0.8529952
-0.6842988 0.015730934 0.729032
-0.81240577 0.010434662 0.5829991
-0.9058926 0.005024944 0.4234776
-0.9665387 -0.0003360771 0.25652054
-0.9962789 -0.0055507165 0.08600939
-0.9962789 -0.010554999 -0.08553954
-0.96653867 -0.015288876 -0.25606492
-0.90589267 -0.019669443 -0.42305034
-0.81240577 -0.023567881 -0.582616
-0.684299 -0.02679324 -0.7287091
-0.5215095 -0.029094767 -0.8527492
-0.008086045 0.9995421 -0.029157847
-0.32771984 -0.030197397 -0.94429225
-0.1119178 -0.02988033 -0.99326813
0.008086075 -0.9995421 0.029157927
-0.6926428 0.7209741 -0.021031788
0 0.029158834 0.9995748
0.69264275 -0.7209741 0.021031866
1.3541987E-07 -0.029158844 -0.9995748
0.72128093 0.69234806 -0.020196727
-0.72128093 -0.69234806 0.02019672
-1 3.93059E-09 0
0 -0.029159142 -0.9995748
1 -2.9479425E-08 0
0 0.029159147 0.9995748
0 -0.9995748 0.02915928
0 0.9995748 -0.029158998
-0.8221439 0.5690377 -0.01659979
0 -0.029159304 -0.9995748
0.82214373 -0.5690379 0.016599795
2.2431732E-06 0.029159319 0.9995748
-0.5692795 -0.8217945 0.023972793
0.56927985 0.8217942 -0.023972502
-0.9844329 0.17568612 -0.0051250304
0 -0.029158365 -0.9995748
0.98443294 -0.17568599 0.0051250276
-1.2139624E-06 0.029158914 0.9995748
-0.17576058 -0.98401433 0.028705215
0.17576061 0.98401433 -0.028705223
-0.98443294 0.17568603 -0.0051250285
3.0349048E-07 -0.029158976 -0.9995748
0.9844329 -0.1756861 0.0051249648
-7.5872585E-08 0.029158963 0.9995748
-0.17576064 -0.98401433 0.028704925
0.17576063 0.98401433 -0.028704923
-0.8221438 0.56903785 -0.016599292
5.6079267E-07 -0.029158853 -0.9995748
0.82214373 -0.5690379 0.016599294
-7.0099084E-08 0.029158853 0.9995748
-0.5692798 -0.8217943 0.023972785
0.5692798 0.8217943 -0.023972783
-1 2.751413E-08 0
0 -0.029158792 -0.9995748
1 -7.075062E-08 0
0 0.029158885 0.9995748
0.96399546 -0.057145115 -0.2597059
0.70634973 -0.02981926 -0.7072347
0.2587795 0.0055540474 -0.96592045
-0.25877327 0.03946593 -0.9651315
-0.7063485 0.06274888 -0.7050775
-0.963996 0.06918833 -0.25675794
-0.96399516 0.05714671 0.25970683
-0.7063529 0.029819727 0.70723146
-0.2587873 -0.0055558267 0.96591836
0.25877947 -0.039467704 0.9651298
0.7063528 -0.0627453 0.7050736
0.9639963 -0.06918582 0.2567577
0.94750154 -0.1823988 -0.26262435
0.6942611 -0.121596724 -0.70937705
0.25434974 -0.028072247 -0.9667048
-0.2543403 0.073090576 -0.9643489
-0.6942634 0.15452276 -0.7029375
-0.94750243 0.19443634 -0.25383776
-0.94750065 0.18239976 0.2626269
-0.69426095 0.12159756 0.70937705
-0.25435427 0.028070293 0.96670365
0.25434968 -0.0730945 0.9643461
0.69426376 -0.15452576 0.7029365
0.9475015 -0.19444019 0.25383854
0.91479594 -0.3044259 -0.26546812
0.6702983 -0.21101084 -0.7114595
0.24557006 -0.06082445 -0.96746874
-0.2455708 0.10585102 -0.96358216
-0.67030644 0.243937 -0.70084524
-0.9147938 0.31647015 -0.2509959
-0.9147965 0.30442372 0.26546863
-0.67029756 0.21101111 0.7114601
-0.24557787 0.060827956 0.96746653
0.24557647 -0.10584652 0.9635812
0.67029524 -0.24393812 0.70085555
0.9147954 -0.31646696 0.2509941
0.86643654 -0.4211428 -0.26819104
0.6348652 -0.2965327 -0.7134526
0.2325921 -0.09216342 -0.9681977
-0.23259032 0.13717794 -0.962852
-0.634863 0.3294588 -0.6988604
-0.86643857 0.4331807 -0.24827148
-0.8664345 0.4211459 0.26819286
-0.6348652 0.29653233 0.71345264
-0.23258668 0.092161335 0.9681992
0.23259218 -0.13718171 0.962851
0.63486856 -0.32945916 0.69885516
0.8664357 -0.4331849 0.248274
0.80325603 -0.53054655 -0.2707399
0.58856463 -0.37669784 -0.7153254
0.21563101 -0.12152926 -0.9688828
-0.21562931 0.16655244 -0.9621664
-0.5885611 0.40962642 -0.69699496
-0.8032516 0.54259336 -0.24572185
-0.8032532 0.5305497 0.27074215
-0.58856916 0.37669647 0.7153224
-0.21564007 0.12152712 0.9688811
0.2156371 -0.16655602 0.9621641
0.5885606 -0.40962696 0.69699514
0.80325216 -0.54259217 0.24572273
0.72632766 -0.6307743 -0.27307856
0.5322025 -0.45013675 -0.71703374
0.19498543 -0.14843436 -0.9695091
-0.19498211 0.1934595 -0.961538
-0.5321967 0.48306254 -0.69528216
-0.7263275 0.6428159 -0.24338458
-0.72632504 0.63077724 0.27307892
-0.53220457 0.45013663 0.7170323
-0.19496758 0.14843772 0.96951216
0.19497912 -0.19345768 0.96153903
0.5321996 -0.48306218 0.6952802
0.7263228 -0.6428209 0.24338548
0.6369714 -0.72010696 -0.27516067
0.46672836 -0.5155923 -0.7185605
0.17099124 -0.17241901 -0.97006893
-0.17098764 0.21744199 -0.9609798
-0.46672943 0.5485184 -0.6937515
-0.6369742 0.73214585 -0.24130134
-0.63696694 0.7201107 0.27516112
-0.4667256 0.5155946 0.71856064
-0.17099145 0.17241664 0.9700693
0.17099446 -0.21743919 0.9609792
0.46673107 -0.54851776 0.6937509
0.6369692 -0.73214966 0.24130283
0.53671634 -0.7970144 -0.2769542
0.39326924 -0.571943 -0.71987534
0.14408633 -0.19306083 -0.97054964
-0.14408211 0.2380833 -0.96049815
-0.3932631 0.6048733 -0.69243944
-0.5367123 0.80905807 -0.23950984
-0.53672016 0.7970122 0.27695295
-0.39326814 0.5719419 0.7198768
-0.14408581 0.19306064 0.97054976
0.14407663 -0.23808347 0.9604989
0.39326966 -0.604871 0.6924378
0.53671986 -0.8090532 0.23950931
0.427278 -0.8601818 -0.27842546
0.3130803 -0.61822903 -0.7209533
0.11469928 -0.21001954 -0.97094584
-0.114705384 0.25504118 -0.96010244
-0.31307447 0.6511558 -0.6913613
-0.42727804 0.87222254 -0.23803648
-0.42727914 0.8601809 0.2784266
-0.31307998 0.6182268 0.7209553
-0.114701584 0.21002203 0.97094506
0.11470591 -0.2550422 0.9601021
0.31307873 -0.65115505 0.6913601
0.42728296 -0.87222064 0.23803455
0.31052998 -0.9085267 -0.27955392
0.22754057 -0.65365094 -0.7217796
0.083360106 -0.22299832 -0.9712481
-0.08336136 0.2680181 -0.9598006
-0.22753286 0.6865778 -0.69053584
-0.31053331 0.9205666 -0.23690964
-0.3105293 0.90852684 0.27955422
-0.22753839 0.65365183 0.72177947
-0.08336317 0.22299692 0.97124815
0.083363414 -0.26801965 0.9598
0.22753267 -0.6865784 0.6905353
0.3105318 -0.9205677 0.23690735
0.18847014 -0.9412237 -0.28031582
0.13809562 -0.67761016 -0.7223393
0.050597638 -0.23177238 -0.97145325
-0.050594397 0.27679607 -0.9595958
-0.13809983 0.71053576 -0.68997633
-0.18847194 0.9532646 -0.23614596
-0.18847264 0.9412233 0.28031546
-0.1380933 0.6776108 0.72233915
-0.050588742 0.2317727 0.97145367
0.05058852 -0.2767957 0.9595962
0.13809898 -0.71053594 0.68997633
0.18847194 -0.9532645 0.2361464
0.06318298 -0.95771354 -0.28070036
0.046293605 -0.6896921 -0.72262144
0.016957013 -0.23620023 -0.9715564
-0.016957512 0.2812215 -0.95949304
-0.046300195 0.72261965 -0.68969345
-0.063185334 0.96975464 -0.23576158
-0.06318174 0.95771354 0.28070068
-0.046292987 0.68969375 0.7226199
-0.016964564 0.23619974 0.9715564
0.016963232 -0.28122175 0.95949286
0.04629522 -0.72261906 0.68969446
0.06318176 -0.96975464 0.23576269
-0.06318417 -0.95771337 -0.28070074
-0.046296526 -0.6896933 -0.72262007
-0.01695694 -0.2362001 -0.9715565
0.016957477 0.28122193 -0.9594929
0.04630001 0.72261935 -0.68969387
0.063185655 0.96975446 -0.23576237
0.06318149 0.95771337 0.2807013
0.046292797 0.6896935 0.7226201
0.016964514 0.23619992 0.97155637
-0.01696316 -0.2812216 0.9594929
-0.04629513 -0.72262025 0.6896932
-0.063182235 -0.96975446 0.23576319
-0.18846941 -0.94122356 -0.28031683
-0.13809623 -0.67761064 -0.72233874
-0.050601996 -0.23177244 -0.971453
0.05058986 0.27679595 -0.9595961
0.1380971 0.7105356 -0.68997705
0.18846925 0.9532649 -0.2361469
0.18846996 0.9412237 0.280316
0.13810109 0.6776101 0.7223383
0.050591752 0.23177268 0.9714535
-0.050592087 -0.276796 0.959596
-0.13809659 -0.7105364 0.68997633
-0.18846983 -0.95326465 0.23614734
-0.31052846 -0.90852654 -0.279556
-0.22753769 -0.6536515 -0.72177994
-0.083360106 -0.22299837 -0.9712481
0.08336136 0.2680181 -0.9598006
0.22753486 0.6865775 -0.6905354
0.31053123 0.9205673 -0.23690982
0.3105293 0.90852684 0.27955422
0.22753637 0.6536522 0.72177976
0.08336324 0.22299711 0.9712481
-0.083366714 -0.26801956 0.9597997
-0.227534 -0.68657774 0.6905355
-0.31053284 -0.9205667 0.2369099
-0.42727762 -0.8601814 -0.27842736
-0.31307754 -0.6182297 -0.7209539
-0.114692636 -0.21001962 -0.9709466
0.11470542 0.25504148 -0.9601023
0.31307212 0.65115535 -0.69136286
0.42728177 0.8722208 -0.238036
0.42727914 0.8601809 0.2784266
0.31307966 0.61822647 0.7209557
0.11470158 0.21002215 0.970945
-0.11470582 -0.25504202 0.96010214
-0.31307563 -0.6511552 0.6913614
-0.42728034 -0.87222147 0.2380361
-0.5367183 -0.79701275 -0.27695516
-0.39326966 -0.5719436 -0.7198746
-0.14408337 -0.1930613 -0.97055
0.14408599 0.23808338 -0.96049756
0.39326668 0.60487247 -0.6924382
0.53671896 0.80905414 -0.2395081
0.53672016 0.7970122 0.27695295
0.393268 0.5719417 0.71987706
0.14408602 0.19306083 0.9705497
-0.1440736 -0.23808396 0.9604993
-0.39327225 -0.60487014 0.69243705
-0.536716 -0.80905575 0.23950945
-0.636968 -0.7201095 -0.27516186
-0.46672955 -0.5155925 -0.71855956
-0.17099054 -0.17241901 -0.97006905
0.17099041 0.21744153 -0.9609794
0.46673483 0.5485164 -0.69374955
0.63697 0.7321491 -0.24130261
0.6369653 0.720112 0.27516156
0.46672416 0.5155946 0.7185616
0.17098327 0.17241669 0.9700707
-0.17099375 -0.21743913 0.9609794
-0.46672967 -0.54851836 0.69375145
-0.6369694 -0.73214984 0.24130183
-0.7263267 -0.6307753 -0.27307892
-0.53220385 -0.45013568 -0.7170334
-0.19497979 -0.1484343 -0.96951026
0.19497916 0.19345944 -0.9615387
0.53219825 0.4830618 -0.69528145
0.7263291 0.6428144 -0.24338394
0.7263245 0.63077784 0.2730787
0.532206 0.45013598 0.71703166
0.19497547 0.14843728 0.9695107
-0.19497985 -0.19345748 0.9615389
-0.5321968 -0.48306286 0.69528186
-0.7263245 -0.64281917 0.24338496
-0.80325425 -0.53054875 -0.27074087
-0.5885684 -0.37669635 -0.7153231
-0.21563083 -0.12152925 -0.96888286
0.21562935 0.1665527 -0.96216637
0.5885663 0.40962437 -0.69699186
0.8032511 0.54259425 -0.24572168
0.8032511 0.53055257 0.2707427
0.58857447 0.37669444 0.71531904
0.21564005 0.12152737 0.968881
-0.21563706 -0.16655585 0.9621641
-0.58856446 -0.4096258 0.6969925
-0.8032545 -0.5425896 0.24572098
-0.86643624 -0.42114338 -0.26819113
-0.6348617 -0.29653463 -0.7134549
-0.23259845 -0.09216352 -0.96819615
0.23259392 0.13717775 -0.96285117
0.6348631 0.32945943 -0.69886005
0.8664389 0.4331803 -0.24827087
0.866436 0.42114386 0.2681912
0.6348653 0.2965329 0.71345234
0.23258674 0.09216123 0.9681992
-0.23259217 -0.13718213 0.9628509
-0.63486844 -0.3294594 0.6988552
-0.86643535 -0.4331854 0.24827443
-0.91479546 -0.30442646 -0.26546907
-0.6702944 -0.21101186 -0.7114629
-0.2455696 -0.06082423 -0.96746886
0.24556334 0.10585128 -0.963584
0.6702988 0.2439389 -0.7008518
0.9147933 0.3164711 -0.25099653
0.9147967 0.3044234 0.2654682
0.67029697 0.2110109 0.7114607
0.24557748 0.06082786 0.96746665
-0.24557604 -0.10584632 0.9635813
-0.6702978 -0.24393725 0.70085335
-0.914796 -0.31646588 0.25099322
-0.9475013 -0.18239844 -0.2626253
-0.6942645 -0.1215951 -0.709374
-0.2543565 -0.028072264 -0.966703
0.25434777 0.07309056 -0.96434695
0.6942662 0.15452243 -0.7029348
0.9475021 0.19443664 -0.2538389
0.94750077 0.18239921 0.26262683
0.6942615 0.121597655 0.70937645
0.25435477 0.028070236 0.96670353
-0.25435635 -0.073094495 0.9643444
-0.6942645 -0.15452518 0.7029358
-0.94750124 -0.1944399 0.2538395
-0.963995 -0.05714685 -0.25970745
-0.7063525 -0.029819854 -0.7072319
-0.25877938 0.0055540446 -0.9659205
0.25878024 0.039465845 -0.9651297
0.70635474 0.0627483 -0.70507133
0.9639953 0.06918894 -0.2567606
0.96399534 0.05714645 0.25970605
0.7063528 0.029819721 0.7072316
0.25878727 -0.0055557075 0.96591836
-0.2587794 -0.039467666 0.9651298
-0.7063525 -0.062746026 0.70507383
-0.9639962 -0.06918722 0.2567578
-0.96399564 0.06918759 -0.25675952
-0.70635206 0.06274574 -0.7050743
-0.25878528 0.03946767 -0.96512824
0.25877988 0.0055557694 -0.9659203
0.7063543 -0.029819673 -0.70723003
0.9639953 -0.05714646 -0.25970632
0.9639959 -0.06918825 0.2567586
0.7063521 -0.06274815 0.70507395
0.25877985 -0.039465714 0.96512973
-0.25877908 -0.005553921 0.96592057
-0.706352 0.029819561 0.7072324
-0.9639957 0.057145838 0.2597049
-0.9475025 0.19443731 -0.25383684
-0.69426125 0.15452577 -0.70293885
-0.25435024 0.07309457 -0.96434593
0.2543548 -0.02807025 -0.96670353
0.69425935 -0.12159772 -0.7093786
0.94750077 -0.1823992 -0.2626269
0.947502 -0.19443709 0.25383887
0.6942639 -0.15452334 0.7029369
0.25434786 -0.07309053 0.9643469
-0.25434408 0.028072368 0.9667063
-0.6942646 0.12159545 0.70937383
-0.9475008 0.18239893 0.26262686
-0.91479576 0.31646615 -0.25099382
-0.67029583 0.24393784 -0.7008551
-0.24557678 0.10584622 -0.96358114
0.24557833 -0.060827777 -0.9674664
0.6702982 -0.21101023 -0.7114597
0.91479534 -0.30442554 -0.2654706
0.91479415 -0.31646943 0.25099558
0.67030483 -0.24393745 0.70084655
0.24556415 -0.105851084 0.9635838
-0.24557671 0.060823917 0.96746707
-0.6702991 0.21101019 0.7114589
-0.91479516 0.304427 0.26546955
-0.8664373 0.43318212 -0.24827318
-0.634865 0.3294607 -0.69885767
-0.23258579 0.13718207 -0.9628525
0.23259027 -0.09216102 -0.96819836
0.63486516 -0.29653254 -0.7134527
0.8664359 -0.42114425 -0.26819086
0.86643744 -0.43318275 0.24827169
0.63486546 -0.3294579 0.69885856
0.23259403 -0.1371778 0.9628511
-0.23259827 0.092163384 0.9681962
-0.6348616 0.29653442 0.713455
-0.8664367 0.4211422 0.26819137
-0.8032549 0.5425891 -0.24572061
-0.58855885 0.40962747 -0.6969963
-0.21563017 0.16655627 -0.9621656
0.21563934 -0.12152745 -0.9688812
0.58857316 -0.37669474 -0.71532
0.803252 -0.5305513 -0.27074254
0.8032521 -0.54259294 0.24572119
0.588565 -0.40962437 0.6969929
0.2156321 -0.16655242 0.96216583
-0.2156366 0.12152924 0.96888155
-0.588563 0.37669802 0.71532667
-0.8032525 0.5305511 0.27074152
-0.7263248 0.64281917 -0.24338418
-0.5322009 0.48306122 -0.69527984
-0.19497973 0.19345728 -0.961539
0.19496109 -0.14843783 -0.9695135
0.5321999 -0.45013815 -0.7170348
0.7263267 -0.63077575 -0.27307782
0.72632915 -0.6428144 0.24338369
0.5322013 -0.48306084 0.69527984
0.19497924 -0.19345956 0.9615386
-0.19498296 0.14843419 0.96950966
-0.53219974 0.4501374 0.71703535
-0.72632676 0.6307754 0.2730784
-0.63696927 0.7321497 -0.2413025
-0.46672893 0.5485189 -0.6937515
-0.17099112 0.21743917 -0.9609798
0.1709913 -0.1724164 -0.97006935
0.46672568 -0.5155938 -0.7185612
0.6369698 -0.72010845 -0.27516037
0.6369743 -0.73214567 0.24130166
0.4667297 -0.5485179 0.69375175
0.17099121 -0.21744163 0.9609793
-0.17098786 0.1724189 0.9700695
-0.4667309 0.51559204 0.718559
-0.6369713 0.7201069 0.27516094
-0.53671646 0.80905527 -0.2395098
-0.39326838 0.604871 -0.69243854
-0.144073 0.23808376 -0.9604994
0.14408901 -0.19306062 -0.9705493
0.39326295 -0.5719429 -0.71987885
0.5367202 -0.7970123 -0.27695265
0.53671557 -0.80905604 0.23950937
0.39326906 -0.60487187 0.69243735
0.14408538 -0.23808327 0.9604977
-0.14407946 0.19306119 0.9705506
-0.39327073 0.57194304 0.71987444
-0.5367188 0.79701275 0.27695432
-0.42728034 0.87222147 -0.2380361
-0.31308103 0.651154 -0.69136006
-0.11470582 0.2550421 -0.96010214
0.1147127 -0.21002181 -0.9709438
0.31307802 -0.6182273 -0.7209557
0.42727917 -0.860181 -0.27842635
0.42727986 -0.8722216 0.23803651
0.31307417 -0.6511553 0.69136196
0.114701614 -0.25504133 0.96010286
-0.114699334 0.21001971 0.97094584
-0.31307456 0.6182298 0.7209551
-0.42727533 0.8601825 0.27842736
-0.31053135 0.92056745 -0.23690882
-0.22752903 0.6865784 -0.6905365
-0.08336209 0.26801974 -0.95980006
0.08335792 -0.22299716 -0.97124857
0.22754118 -0.6536512 -0.72177917
0.3105303 -0.9085265 -0.27955428
0.31053022 -0.9205678 0.23690906
0.22753565 -0.68657726 0.6905355
0.08335611 -0.26801842 0.95980096
-0.08336207 0.22299835 0.9712479
-0.22753842 0.6536511 0.72178006
-0.31052956 0.90852654 0.27955487
-0.18846986 0.95326465 -0.23614737
-0.13809651 0.710536 -0.68997675
-0.050592896 0.2767959 -0.959596
0.0506002 -0.23177257 -0.9714531
0.13809687 -0.67761034 -0.72233886
0.18847333 -0.94122314 -0.28031558
0.18846925 -0.95326483 0.2361472
0.1380972 -0.7105362 0.68997645
0.050599266 -0.27679592 0.9595956
-0.050598707 0.23177256 0.9714532
-0.13810052 0.67760944 0.72233903
-0.18847217 0.941223 0.28031668
-0.0631813 0.9697545 -0.23576312
-0.046296448 0.72261995 -0.6896934
-0.01696393 0.28122157 -0.9594929
0.016958343 -0.23619995 -0.9715565
0.046291586 -0.68969375 -0.72261995
0.063182116 -0.9577132 -0.28070167
0.063186 -0.9697543 0.23576292
0.04630384 -0.7226195 0.6896934
0.016960232 -0.28122184 0.9594929
-0.016956454 0.23619993 0.97155654
-0.046295222 0.6896931 0.72262037
-0.06318358 0.95771325 0.28070113
0.06318071 0.9697549 -0.23576203
0.046294887 0.7226198 -0.6896937
0.016961986 0.28122175 -0.9594929
-0.016963162 -0.23619983 -0.9715564
-0.04629268 -0.6896932 -0.72262037
-0.06318346 -0.9577134 -0.28070065
-0.06318504 -0.9697546 0.23576185
-0.046303626 -0.7226193 0.6896936
-0.016966462 -0.2812217 0.95949286
0.016957413 0.23620003 0.9715565
0.046292953 0.68969357 0.72262
0.063184045 0.9577135 0.28070036
0.18847124 0.9532646 -0.2361466
0.13809799 0.71053594 -0.6899766
0.050588734 0.27679583 -0.95959616
-0.050589878 -0.23177269 -0.9714536
-0.13809375 -0.6776107 -0.7223392
-0.18847218 -0.9412233 -0.28031564
-0.18846922 -0.9532649 0.23614687
-0.13809611 -0.710536 0.6899768
-0.050587066 -0.27679604 0.9595962
0.050597023 0.23177245 0.97145325
0.13809761 0.67761016 0.7223389
0.18846942 0.94122374 0.28031614
0.31053057 0.9205678 -0.23690857
0.22753033 0.68657833 -0.69053614
0.08336639 0.26801953 -0.95979977
-0.0833648 -0.22299707 -0.971248
-0.22753753 -0.6536519 -0.7217797
-0.31052822 -0.9085273 -0.27955383
-0.31053022 -0.92056775 0.23690933
-0.22753821 -0.6865773 0.6905346
-0.08336675 -0.26801834 0.95980006
0.083361365 0.22299816 0.97124803
0.22753827 0.6536512 0.72178006
0.3105301 0.90852654 0.27955422
0.42728052 0.87222147 -0.23803584
0.3130813 0.6511541 -0.6913599
0.11470259 0.25504217 -0.9601025
-0.11470893 -0.2100217 -0.9709442
-0.31307822 -0.6182276 -0.7209554
-0.42728102 -0.86018014 -0.27842602
-0.4272799 -0.87222165 0.23803623
-0.31307247 -0.651156 0.6913621
-0.114701636 -0.2550413 0.96010286
0.11470261 0.2100196 0.9709455
0.31307748 0.6182294 0.7209541
0.42727548 0.86018246 0.27842748
0.5367151 0.80905604 -0.2395103
0.39327064 0.6048705 -0.69243765
0.14407721 0.23808372 -0.96049875
-0.14408271 -0.19306082 -0.9705502
-0.39326543 -0.5719422 -0.719878
-0.5367167 -0.7970143 -0.27695385
-0.5367186 -0.8090542 0.23950872
-0.39327142 -0.6048711 0.6924367
-0.14409 -0.23808314 0.960497
0.14408366 0.19306107 0.97055
0.39326802 0.57194394 0.7198752
0.5367154 0.79701465 0.2769552
0.63696885 0.7321501 -0.2413027
0.4667287 0.548519 -0.6937515
0.17099753 0.21743914 -0.9609787
-0.1709913 -0.17241669 -0.9700693
-0.466732 -0.5155924 -0.7185581
-0.6369639 -0.7201132 -0.27516165
-0.636974 -0.7321461 0.24130125
-0.46672946 -0.5485186 0.69375134
-0.17098385 -0.21744214 0.9609805
0.17098463 0.17241919 0.97007006
0.46672824 0.5155931 0.71856004
0.6369709 0.72010726 0.27516115
0.7263244 0.64281946 -0.24338463
0.53219837 0.48306274 -0.69528073
0.19497831 0.19345735 -0.9615392
-0.19496685 -0.14843775 -0.96951234
-0.5321971 -0.4501392 -0.71703625
-0.7263261 -0.63077635 -0.27307788
-0.7263264 -0.64281714 0.2433847
-0.53220457 -0.48305985 0.695278
-0.19497785 -0.19345957 0.9615389
0.19498149 0.14843434 0.9695099
0.532197 0.45013848 0.7170367
0.72632647 0.6307756 0.27307883
0.80325216 0.54259217 -0.24572289
0.5885643 0.40962556 -0.6969928
0.21563092 0.16655633 -0.9621654
-0.21564011 -0.12152716 -0.9688811
-0.58857477 -0.37669447 -0.7153188
-0.8032515 -0.53055173 -0.27074328
-0.80325323 -0.5425914 0.245721
-0.58856374 -0.40962538 0.69699335
-0.21563286 -0.1665523 0.9621657
0.21563105 0.12152924 0.9688828
0.58856446 0.37669787 0.71532553
0.80325395 0.53054917 0.2707411
0.86643636 0.43318382 -0.24827373
0.6348663 0.3294607 -0.69885653
0.23259294 0.13718188 -0.9628508
-0.23258741 -0.092161335 -0.968199
-0.6348641 -0.29653293 -0.7134535
-0.8664353 -0.42114502 -0.26819175
-0.866438 -0.43318185 0.24827147
-0.6348645 -0.3294585 0.6988592
-0.23259473 -0.13717806 0.9628509
0.23259282 0.092163496 0.9681975
0.6348665 0.29653284 0.7134513
0.86643577 0.42114386 0.26819202
0.91479653 0.31646463 -0.25099283
0.67029655 0.24393742 -0.7008545
0.24558137 0.10584586 -0.96358
-0.24557664 -0.060827915 -0.96746683
-0.6702981 -0.21101044 -0.7114598
-0.91479564 -0.30442488 -0.26547015
-0.9147937 -0.31647003 0.2509963
-0.67030245 -0.24393812 0.70084864
-0.24556245 -0.10585115 0.96358424
0.24556883 0.06082436 0.96746904
0.67029977 0.21101005 0.7114583
0.914795 0.3044272 0.26546982
0.94750226 0.19443865 -0.2538368
0.69426423 0.15452583 -0.70293593
0.25435013 0.073094524 -0.964346
-0.25435475 -0.02807048 -0.96670353
-0.6942637 -0.121597 -0.7093744
-0.94750077 -0.1823992 -0.2626267
-0.947502 -0.1944371 0.25383872
-0.6942639 -0.15452334 0.7029368
-0.25434074 -0.07309065 0.9643488
0.25434393 0.028072331 0.96670634
0.6942644 0.12159616 0.70937383
0.9475005 0.18240027 0.2626269
0.9639959 0.06918618 -0.2567591
0.7063527 0.062745035 -0.70507365
0.2587794 0.03946779 -0.9651298
-0.2587873 0.0055557676 -0.96591836
-0.70634866 -0.02981997 -0.70723575
-0.96399516 -0.05714673 -0.25970683
-0.963996 -0.06918827 0.256758
-0.70634854 -0.06274859 0.7050776
-0.25878033 -0.039465785 0.9651296
0.25878567 -0.005553946 0.9659188
0.7063497 0.029818967 0.7072347
0.9639955 0.057144716 0.2597059
0.102381624 -0.9339347 0.34246758
0.70022166 -0.6536039 0.28721356
-0.2680362 -0.9374426 0.2221665
-0.26803237 -0.9488002 -0.16714296
0.10238129 -0.95230967 -0.28744456
0.90498847 -0.32242927 0.27755228
0.024743658 -0.30273363 0.95275396
-0.8896966 -0.32105768 0.32459497
-0.5745982 -0.35208145 -0.73883396
0.5345756 -0.35292628 -0.76790106
0.80260825 -0.108571105 0.58654267
-0.30656984 -0.09806415 0.9467832
-0.9920774 -0.12557459 0.0036631704
-0.30656847 -0.15308747 -0.9394573
0.8026088 -0.1425773 -0.5792157
0.40894565 0.6797415 0.6088637
-0.47129998 0.6784211 0.56357884
-0.70022416 0.6536016 -0.28721273
0.038523063 0.6395829 -0.7677563
0.7240402 0.6557376 -0.21394876
0.26803747 0.9374425 -0.22216551
0.49112326 0.7839127 -0.37984052
0.4089462 0.6430918 -0.6474534
-0.102382034 0.9339346 -0.34246755
-0.18759272 0.77748513 -0.6002715
-0.47130072 0.64441335 -0.6021687
-0.33130467 0.9431226 -0.027512133
-0.60705733 0.79432017 -0.02317133
-0.7002255 0.6692318 0.24862233
-0.1023797 0.95230985 0.28744453
-0.18759668 0.811155 0.55392694
0.038533762 0.6832515 0.7291656
0.26803052 0.9488009 0.16714214
0.4911191 0.8047242 0.33349806
0.7240447 0.6670898 0.17535834
0.8896977 0.3210561 -0.32459366
0.7946524 0.17068206 -0.5825764
0.5746044 0.30841288 -0.7580972
-0.024732882 0.30273366 -0.9527542
-0.30353495 0.16027632 -0.9392433
-0.53458136 0.30756217 -0.78716475
-0.9049875 0.32243085 -0.27755356
-0.9822458 0.18751855 -0.0054701525
-0.9049898 0.33805877 0.25828224
-0.5345804 0.35292506 0.7678982
-0.30352676 0.2147549 0.9283059
-0.02474501 0.3577569 0.9334868
0.5745995 0.35208112 0.738833
0.79465413 0.20435078 0.5716341
0.8896981 0.33943105 0.30532578
0.3065713 0.09806414 -0.9467827
0.3035308 -0.21475457 -0.9283047
0.024743658 -0.35775685 -0.9334869
-0.8026085 0.10857084 -0.5865424
-0.79465413 -0.20435071 -0.5716342
-0.8896989 -0.33942983 -0.3053247
-0.8026067 0.14257783 0.5792185
-0.79465574 -0.17068061 0.5825722
-0.57460177 -0.30841362 0.75809884
0.30656633 0.15308756 0.93945795
0.3035309 -0.1602766 0.93924457
0.5345792 -0.30756256 0.787166
0.99207735 0.12557521 -0.003663184
0.98224586 -0.1875184 0.005470135
0.9049899 -0.33805865 -0.2582821
0.47130314 -0.6784199 -0.5635777
0.18759228 -0.8111556 -0.5539275
-0.03853243 -0.68325186 -0.7291654
-0.40894562 -0.67974156 -0.6088636
-0.49111912 -0.8047242 -0.3334981
-0.72404194 -0.66709256 -0.17535901
-0.7240389 -0.65573883 0.21394916
-0.49112335 -0.78391296 0.37983996
-0.4089505 -0.64309007 0.6474524
0.70022553 -0.66923165 -0.24862255
0.6070576 -0.7943199 0.023171512
0.33130467 -0.9431226 0.02751247
-0.03852711 -0.6395829 0.7677561
0.1875971 -0.77748454 0.60027087
0.47129977 -0.6444138 0.6021689
0.10238113 0.9256986 -0.36414322
0.700224 0.6467301 -0.30236822
-0.26803428 0.9320104 -0.24395543
-0.26803428 0.95243794 0.14498131
0.102380976 0.95875096 0.26516917
0.9049892 0.31587148 -0.28499085
0.02474635 0.28044435 -0.9595512
-0.8896974 0.31340325 -0.33198938
-0.57460207 0.36920607 0.7304241
0.534576 0.37073025 0.75946534
0.8026092 0.094869666 -0.5889127
-0.3065688 0.075968735 -0.94881207
-0.99207735 0.12545565 -0.006589107
-0.30656928 0.17494276 0.93563366
0.8026092 0.1560388 0.5757346
0.4089463 -0.6937481 -0.59285456
-0.47129983 -0.691372 -0.54761416
-0.7002241 -0.64672995 0.30236822
0.038530413 -0.6215152 0.78245395
0.72404224 -0.6505708 0.22917357
0.26803425 -0.93201035 0.24395573
0.49111947 -0.77484864 0.39800906
0.40894625 -0.6278271 0.66226584
-0.10238103 -0.9256985 0.3641434
-0.18759418 -0.76328254 0.6182299
-0.47129962 -0.63020355 0.61702526
-0.3313047 -0.94222516 0.04948721
-0.60706055 -0.79356176 0.041679204
-0.700224 -0.6748462 -0.23295695
-0.1023809 -0.958751 -0.26516902
-0.1875942 -0.8238452 -0.5348715
0.038530413 -0.700061 -0.71304274
0.26803428 -0.95243794 -0.14498131
0.4911194 -0.81227875 -0.31465057
0.72404224 -0.6709983 -0.15976264
0.8896973 -0.31340352 0.3319893
0.79465574 -0.15705508 0.58639234
0.57460195 -0.29065973 0.7650814
-0.024746267 -0.28044435 0.9595512
-0.30353075 -0.13834251 0.942725
-0.5345762 -0.28913334 0.7941223
-0.90498906 -0.31587192 0.2849908
-0.9822458 -0.18734014 0.009839413
-0.9049891 -0.3439878 -0.25033396
-0.534576 -0.37073025 -0.7594653
-0.303531 -0.23633583 -0.92304623
-0.024746688 -0.37941846 -0.92489415
0.57460207 -0.36920604 -0.73042405
0.7946557 -0.21761811 -0.566714
0.8896974 -0.34645635 -0.29733244
0.3065688 -0.075968795 0.94881207
0.303531 0.23633584 0.92304623
0.024747023 0.37941843 0.92489415
-0.80260926 -0.094869494 0.5889127
-0.7946557 0.21761802 0.566714
-0.8896974 0.34645638 0.2973325
-0.80260915 -0.15603864 -0.57573473
-0.7946557 0.15705499 -0.5863924
-0.574602 0.29065976 -0.7650813
0.30656892 -0.17494282 -0.9356337
0.30353075 0.13834253 -0.942725
0.5345761 0.28913322 -0.7941224
0.9920774 -0.125455 0.006589113
0.98224586 0.18734 -0.009839413
0.9049892 0.34398764 0.250334
0.4712997 0.6913721 0.5476141
0.18759449 0.82384527 0.5348713
-0.03853049 0.7000611 0.7130427
-0.40894622 0.69374794 0.59285474
-0.49111956 0.8122787 0.31465048
-0.72404224 0.67099833 0.15976256
-0.72404224 0.6505708 -0.22917342
-0.4911196 0.77484864 -0.39800894
-0.40894625 0.62782705 -0.66226596
0.7002241 0.6748461 0.23295681
0.60706073 0.7935617 -0.041679207
0.3313047 0.9422251 -0.049487382
-0.038530488 0.62151515 -0.782454
0.18759452 0.7632825 -0.6182298
0.47129974 0.63020355 -0.61702514
0.087753676 0.89097667 0.4454883
0.2598883 0.85673696 0.44548836
0.42203566 0.78957325 0.44548842
0.56796455 0.6920667 0.44548836
0.6920667 0.56796455 0.44548833
0.7895733 0.4220357 0.4454883
0.85673696 0.2598883 0.44548833
0.89097667 0.087753676 0.44548833
0.89097667 -0.087753676 0.44548833
0.85673696 -0.2598883 0.44548836
0.7895733 -0.4220357 0.4454883
0.6920667 -0.56796455 0.44548833
0.56796455 -0.6920667 0.44548833
0.42203566 -0.78957325 0.44548842
0.2598883 -0.85673696 0.44548833
0.087753676 -0.89097667 0.4454883
-0.087753676 -0.89097667 0.4454883
-0.2598883 -0.85673696 0.44548836
-0.42203566 -0.78957325 0.44548842
-0.56796455 -0.6920667 0.44548836
-0.6920667 -0.56796455 0.44548833
-0.7895733 -0.4220357 0.4454883
-0.85673696 -0.2598883 0.44548833
-0.89097667 -0.087753676 0.44548833
-0.89097667 0.087753676 0.44548833
-0.85673696 0.2598883 0.44548836
-0.7895733 0.4220357 0.4454883
-0.6920667 0.56796455 0.44548833
-0.56796455 0.6920667 0.44548833
-0.42203566 0.78957325 0.44548842
-1.9095209E-08 0 -1
-0.2598883 0.85673696 0.44548833
-0.087753676 0.89097667 0.4454883